Frequency [GHz]00,η [Ω]00,Frequency [GHz]01,η [Ω]01
0.0,128.33466506580237,0.0,-5.099743285812236e-05
0.04004004004004004,128.33460503037855,0.04004004004004004,-0.002043969705560938
0.08008008008008008,128.3344987947529,0.08008008008008008,-0.004055254141070053
0.1201201201201201,128.33434680663163,0.1201201201201201,-0.006054822984386167
0.16016016016016016,128.33414900990437,0.16016016016016016,-0.008048064393036762
0.2002002002002002,128.33390537718373,0.2002002002002002,-0.010036841449654395
0.2402402402402402,128.33361587661346,0.2402402402402402,-0.012023142871025072
0.2802802802802803,128.33328046950515,0.2802802802802803,-0.014006542320514867
0.3203203203203203,128.3328990774178,0.3203203203203203,-0.01599316481787754
0.36036036036036034,128.3324716458971,0.36036036036036034,-0.017978836954571982
0.4004004004004004,128.33199810010797,0.4004004004004004,-0.019966063706515186
0.4404404404404404,128.3314783525039,0.4404404404404404,-0.021955593901857026
0.4804804804804804,128.33091230699938,0.4804804804804804,-0.0239481318124157
0.5205205205205206,128.3302998651472,0.5205205205205206,-0.025944349804062978
0.5605605605605606,128.32964091125365,0.5605605605605606,-0.027944897216991345
0.6006006006006006,128.3289353212845,0.6006006006006006,-0.02995040684858035
0.6406406406406406,128.32818296590028,0.6406406406406406,-0.03196149983749357
0.6806806806806807,128.3273837012384,0.6806806806806807,-0.03397878944969398
0.7207207207207207,128.32653737299395,0.7207207207207207,-0.036002884103706924
0.7607607607607608,128.32564382239772,0.7607607607607608,-0.03803438985066361
0.8008008008008008,128.32470287326376,0.8008008008008008,-0.04007391244212837
0.8408408408408408,128.32371434420966,0.8408408408408408,-0.042122059120601886
0.8808808808808808,128.322678037738,0.8808808808808808,-0.044179440174830394
0.9209209209209208,128.32159375104212,0.9209209209209208,-0.04624667034696511
0.9609609609609608,128.32046125902673,0.9609609609609608,-0.048324370095684986
1.001001001001001,128.31928034670162,1.001001001001001,-0.0504131668081808
1.0410410410410411,128.31805076531208,1.0410410410410411,-0.05251369588098816
1.0810810810810811,128.31677227075826,1.0810810810810811,-0.05461977022720871
1.1211211211211212,128.3154445768062,1.1211211211211212,-0.05675253924784273
1.1611611611611612,128.31406742422914,1.1611611611611612,-0.05889215067035961
1.2012012012012012,128.3126405172004,1.2012012012012012,-0.06104616066794848
1.2412412412412412,128.31116354859665,1.2412412412412412,-0.06321523723708394
1.2812812812812813,128.30963620202454,1.2812812812812813,-0.06540008560106972
1.3213213213213213,128.30805814230533,1.3213213213213213,-0.06760142618100942
1.3613613613613613,128.30642902087587,1.3613613613613613,-0.06981999564522745
1.4014014014014013,128.30474847599683,1.4014014014014013,-0.0720565479782241
1.4414414414414414,128.30301612738947,1.4414414414414414,-0.07431185557258708
1.4814814814814814,128.30123157831636,1.4814814814814814,-0.07658671036591322
1.5215215215215216,128.29939441812067,1.5215215215215216,-0.07888192501917132
1.5615615615615617,128.29750421507552,1.5615615615615617,-0.08119833412712796
1.6016016016016017,128.29556052012046,1.6016016016016017,-0.08353679549401699
1.6416416416416417,128.29356286682054,1.6416416416416417,-0.08589819146013575
1.6816816816816815,128.29151076965871,1.6816816816816815,-0.08828343028607823
1.7217217217217216,128.28940371838425,1.7217217217217216,-0.09069344759683387
1.7617617617617616,128.28724118553717,1.7617617617617616,-0.09312920791845329
1.8018018018018016,128.285022622192,1.8018018018018016,-0.09559170627438426
1.8418418418418416,128.28274745191476,1.8418418418418416,-0.09808197879645018
1.8818818818818817,128.28041507861138,1.8818818818818817,-0.10060106792164843
1.9219219219219217,128.27802487995714,1.9219219219219217,-0.10315008046939246
1.961961961961962,128.27557620889303,1.961961961961962,-0.10573015124144747
2.002002002002002,128.27306838667192,2.002002002002002,-0.10834245493182741
2.042042042042042,128.27050071052489,2.042042042042042,-0.1109882083594414
2.0820820820820822,128.2678724478691,2.0820820820820822,-0.11366867280627584
2.1221221221221223,128.2651828309945,2.1221221221221223,-0.11638515649757038
2.1621621621621623,128.26243106334283,2.1621621621621623,-0.11913901726053039
2.2022022022022023,128.25961631365644,2.2022022022022023,-0.12193166532280124
2.2422422422422423,128.25673771281419,2.2422422422422423,-0.12476456629403143
2.2822822822822824,128.25379435453195,2.2822822822822824,-0.12763924434963245
2.3223223223223224,128.2507852945095,2.3223223223223224,-0.13055728561906674
2.3623623623623624,128.24770954465927,2.3623623623623624,-0.1335203417869689
2.4024024024024024,128.2445660732436,2.4024024024024024,-0.1365301339515859
2.4424424424424425,128.2413538032166,2.4424424424424425,-0.1395884567424354
2.4824824824824825,128.23807160694713,2.4824824824824825,-0.14269718271315354
2.5225225225225225,128.23471830720464,2.5225225225225225,-0.14585826705997365
2.5625625625625625,128.23129267050385,2.5625625625625625,-0.14907375265451234
2.6026026026026026,128.22779340574218,2.6026026026026026,-0.15234577545450692
2.6426426426426426,128.2242191624208,2.6426426426426426,-0.15567657030983115
2.6826826826826826,128.22056852338832,2.6826826826826826,-0.15906847718125958
2.7227227227227226,128.21684000338598,2.7227227227227226,-0.16252394784511479
2.7627627627627627,128.2130320452493,2.7627627627627627,-0.1660455531014972
2.8028028028028027,128.2091430123241,2.8028028028028027,-0.16963599052581538
2.8428428428428427,128.20517119202788,2.8428428428428427,-0.173298092867643
2.8828828828828827,128.20111477634384,2.8828828828828827,-0.17703483703233838
2.9229229229229228,128.19697186834455,2.9229229229229228,-0.18084935388244838
2.962962962962963,128.1927404722012,2.962962962962963,-0.18474493877842726
3.0030030030030033,128.1884184833798,3.0030030030030033,-0.18872506299236158
3.0430430430430433,128.184003686789,3.0430430430430433,-0.19279338611433128
3.0830830830830833,128.17949374594002,3.0830830830830833,-0.19695376948033916
3.1231231231231233,128.17488619401473,3.1231231231231233,-0.20121029077069802
3.1631631631631634,128.17017842492382,3.1631631631631634,-0.20556725989210733
3.2032032032032034,128.1653676852701,3.2032032032032034,-0.2100292362815352
3.2432432432432434,128.16045106038703,3.2432432432432434,-0.21460104775105732
3.2832832832832834,128.15542546332858,3.2832832832832834,-0.21928781108124093
3.323323323323323,128.15028762341666,3.323323323323323,-0.22409495453917025
3.363363363363363,128.14503406821893,3.363363363363363,-0.22902824250248846
3.403403403403403,128.1396611116749,3.403403403403403,-0.23409380249458953
3.443443443443443,128.1341648335083,3.443443443443443,-0.2392981548275672
3.483483483483483,128.12854106137598,3.483483483483483,-0.24464824522010484
3.523523523523523,128.1227853505331,3.523523523523523,-0.2501514807151616
3.563563563563563,128.11689296024002,3.563563563563563,-0.2558157692898834
3.603603603603603,128.1108588250268,3.603603603603603,-0.2616495635988876
3.6436436436436432,128.10467753149607,3.6436436436436432,-0.2676619094385169
3.6836836836836833,128.0983432837275,3.6836836836836833,-0.27386249942056695
3.7237237237237233,128.09184986662183,3.7237237237237233,-0.2802617325927509
3.7637637637637633,128.08519061081623,3.7637637637637633,-0.2868707808212335
3.8038038038038033,128.07835834675114,3.8038038038038033,-0.2937016627537762
3.8438438438438434,128.07134535549852,3.8438438438438434,-0.3007673281615961
3.883883883883884,128.06414331562328,3.883883883883884,-0.30808174362888874
3.923923923923924,128.0567432411605,3.923923923923924,-0.3156600066792185
3.963963963963964,128.04913541363837,3.963963963963964,-0.32351845558078907
4.004004004004004,128.04130930447263,4.004004004004004,-0.33167480265377547
4.044044044044044,128.03325375736952,4.044044044044044,-0.3401208892849312
4.084084084084084,128.02495581364886,4.084084084084084,-0.34893237042453085
4.124124124124124,128.01640190037597,4.124124124124124,-0.3581322296193822
4.1641641641641645,128.00757782346446,4.1641641641641645,-0.3676904131129968
4.2042042042042045,127.99846713523179,4.2042042042042045,-0.3776616304268148
4.2442442442442445,127.98905211786379,4.2442442442442445,-0.38807577309886104
4.2842842842842845,127.97931330313975,4.2842842842842845,-0.39896569425660244
4.324324324324325,127.96922924988046,4.324324324324325,-0.4103675864020953
4.364364364364365,127.95877628526485,4.364364364364365,-0.4223214185558575
4.404404404404405,127.94792820162377,4.404404404404405,-0.4348714439081524
4.444444444444445,127.93665590728199,4.444444444444445,-0.4480667917233791
4.484484484484485,127.92492701316002,4.484484484484485,-0.46196216013682934
4.524524524524525,127.91270534876155,4.524524524524525,-0.47661863060558785
4.564564564564565,127.89995039096448,4.564564564564565,-0.4921046296681957
4.604604604604605,127.88661658363408,4.604604604604605,-0.5084970700106501
4.644644644644645,127.87265252447747,4.644644644644645,-0.5258827111103063
4.684684684684685,127.85799999385746,4.684684684684685,-0.5443597905112778
4.724724724724725,127.84259278163302,4.724724724724725,-0.5640399905743235
4.764764764764765,127.82635525432828,4.764764764764765,-0.5850508238612014
4.804804804804805,127.80920061552683,4.804804804804805,-0.6075385454506419
4.844844844844845,127.79102875920779,4.844844844844845,-0.6316717327318286
4.884884884884885,127.77172360624535,4.884884884884885,-0.6576457183436764
4.924924924924925,127.75114977939006,4.924924924924925,-0.6856881234843937
4.964964964964965,127.72914840577039,4.964964964964965,-0.7160658236956848
5.005005005005005,127.70553177868923,5.005005005005005,-0.7490937996188343
5.045045045045045,127.6800764922601,5.045045045045045,-0.7851464957066354
5.085085085085085,127.65251452059796,5.085085085085085,-0.8246724677482392
5.125125125125125,127.62252145436847,5.125125125125125,-0.868214089747245
5.165165165165165,127.58970087030883,5.165165165165165,-0.9164327513222691
5.205205205205205,127.55356312581738,5.205205205205205,-0.9701439452652738
5.245245245245245,127.51349623105337,5.245245245245245,-1.0303647876649946
5.285285285285285,127.46872506313738,5.285285285285285,-1.0983804539280684
5.325325325325325,127.41825310038215,5.325325325325325,-1.1758387377342132
5.365365365365365,127.36077726142835,5.365365365365365,-1.26488767541732
5.405405405405405,127.29456016928677,5.405405405405405,-1.3683809981370134
5.445445445445445,127.21723274146092,5.445445445445445,-1.4901939000788187
5.485485485485485,127.12547835605336,5.485485485485485,-1.6357250197627964
5.525525525525525,127.01450651225129,5.525525525525525,-1.8127267075756122
5.565565565565565,126.87713188837948,5.565565565565565,-2.0327446828225826
5.605605605605605,126.7020644944619,5.605605605605605,-2.31376159430291
5.645645645645645,126.47049153418243,5.645645645645645,-2.68540913540451
5.685685685685685,126.14856331120102,5.685685685685685,-3.200222543668581
5.7257257257257255,125.6686338631279,5.7257257257257255,-3.9610652434994713
5.7657657657657655,124.87313334979535,5.7657657657657655,-5.200351196080669
5.8058058058058055,123.29142462634762,5.8058058058058055,-7.57751495108055
5.8458458458458455,118.60915208665264,5.8458458458458455,-13.987984156149315
5.885885885885886,7.788372523973004,5.885885885885886,-8.340681420754024
5.925925925925926,137.15070383201603,5.925925925925926,19.722857978889888
5.965965965965966,132.69152935878793,5.965965965965966,8.930431473009403
6.0060060060060065,131.1362992764105,6.0060060060060065,5.758708246055508
6.046046046046047,130.34871077292695,6.046046046046047,4.242472712519658
6.086086086086087,129.87190140136917,6.086086086086087,3.3535614986329887
6.126126126126127,129.55123451435452,6.126126126126127,2.7691349357381063
6.166166166166167,129.32000330782458,6.166166166166167,2.355425585228337
6.206206206206207,129.14473603133862,6.206206206206207,2.04700655394191
6.246246246246247,129.0067963553006,6.246246246246247,1.8080922686958463
6.286286286286287,128.8949858215642,6.286286286286287,1.6174604655382792
6.326326326326327,128.80217046804893,6.326326326326327,1.4617279945188077
6.366366366366367,128.72359042465314,6.366366366366367,1.3320372507351643
6.406406406406407,128.65594825057565,6.406406406406407,1.2222923258792822
6.446446446446447,128.5968873586308,6.446446446446447,1.1281604510815892
6.486486486486487,128.54467877948093,6.486486486486487,1.0464774764565044
6.526526526526527,128.49802524413636,6.526526526526527,0.9748787101747599
6.566566566566567,128.45593434072828,6.566566566566567,0.9115613772255743
6.606606606606607,128.41763390288753,6.606606606606607,0.8551270211942641
6.646646646646646,128.38251410076526,6.646646646646646,0.804474126861188
6.686686686686686,128.35008688664684,6.686686686686686,0.7587232351606927
6.726726726726726,128.31995701812457,6.726726726726726,0.7171636301127227
6.766766766766766,128.291800981774,6.766766766766766,0.6792146797373154
6.806806806806806,128.26535140743206,6.806806806806806,0.6443973378442862
6.846846846846846,128.2403853799713,6.846846846846846,0.6123128213507523
6.886886886886886,128.21671555276123,6.886886886886886,0.5826264403095013
6.926926926926926,128.19418331028413,6.926926926926926,0.5550551840475123
6.966966966966966,128.1726534523919,6.966966966966966,0.5293580832390964
7.007007007007006,128.15201001437933,7.007007007007006,0.5053286498257412
7.047047047047046,128.1321529520852,7.047047047047046,0.482788890094941
7.087087087087086,128.11299549086584,7.087087087087086,0.46158452170885433
7.127127127127126,128.0944619872942,7.127127127127126,0.4415811213270474
7.167167167167166,128.07648619027484,7.167167167167166,0.4226609981608254
7.207207207207206,128.05900982102938,7.207207207207206,0.4047206385431569
7.2472472472472464,128.04198139996248,7.2472472472472464,0.38766860348784543
7.2872872872872865,128.02535527923706,7.2872872872872865,0.37142378798018155
7.3273273273273265,128.0090908331945,7.3273273273273265,0.3559139714829998
7.3673673673673665,127.99315178102518,7.3673673673673665,0.3410746041813777
7.4074074074074066,127.97750561726292,7.4074074074074066,0.32684778532730263
7.447447447447447,127.96212313007207,7.447447447447447,0.3131813990391032
7.487487487487487,127.94697799012448,7.487487487487487,0.3000283798880102
7.527527527527527,127.93204640294856,7.527527527527527,0.2873460859028451
7.567567567567567,127.9173068072533,7.567567567567567,0.2750957611091075
7.607607607607607,127.9027396196893,7.607607607607607,0.2632420728003964
7.647647647647647,127.88832701154278,7.647647647647647,0.2517527116950193
7.687687687687687,127.87405271642626,7.687687687687687,0.2405980450546121
7.727727727727728,127.85990186331412,7.727727727727728,0.2297508146555173
7.767767767767768,127.84586083208661,7.767767767767768,0.219185872856479
7.807807807807808,127.83191712521798,7.807807807807808,0.20887995119108196
7.847847847847848,127.81805925817423,7.847847847847848,0.1988114567081669
7.887887887887888,127.80427666012726,7.887887887887888,0.18896029220015156
7.927927927927928,127.79055959014848,7.927927927927928,0.17930769688651332
7.967967967967968,127.77689906104791,7.967967967967968,0.16983610482092606
8.008008008008009,127.76328677229615,8.008008008008009,0.1605290185829061
8.048048048048049,127.74971505251938,8.048048048048049,0.1513708961857966
8.088088088088089,127.7361768065081,8.088088088088089,0.14234704950396998
8.128128128128129,127.72266546988628,8.128128128128129,0.13344355265785354
8.168168168168169,127.70917496886536,8.168168168168169,0.12464715908100549
8.208208208208209,127.69569968371434,8.208208208208209,0.11594522615226087
8.248248248248249,127.68223441753238,8.248248248248249,0.1073256463838516
8.288288288288289,127.66877436864975,8.288288288288289,0.09877678432458256
8.328328328328329,127.65531510535482,8.328328328328329,0.09028741843794065
8.368368368368369,127.64185254563779,8.368368368368369,0.08184668725083914
8.408408408408409,127.62838293599413,8.408408408408409,0.07344403926001673
8.448448448448449,127.61490283993632,8.448448448448449,0.06506918592314041
8.488488488488489,127.60140911917456,8.488488488488489,0.05671205749128811
8.528528528528529,127.58789892486249,8.528528528528529,0.04836276101576938
8.568568568568569,127.57436968684155,8.568568568568569,0.04001154030263583
8.608608608608609,127.56081910683729,8.608608608608609,0.031648737371470184
8.64864864864865,127.54724515104795,8.64864864864865,0.02326475514822152
8.68868868868869,127.53364604772486,8.68868868868869,0.014850020996760136
8.72872872872873,127.52002028355982,8.72872872872873,0.006394950878256102
8.768768768768767,127.50636660267949,8.768768768768767,-0.002110086202975773
8.80880880880881,127.49268400768798,8.80880880880881,-0.010674803741323409
8.848848848848847,127.47897176224745,8.848848848848847,-0.01930903352902859
8.88888888888889,127.46522939429826,8.88888888888889,-0.02802276197620504
8.928928928928928,127.45145670262121,8.928928928928928,-0.0368261672747787
8.96896896896897,127.43765376323944,8.96896896896897,-0.04572965764211401
9.009009009009008,127.4238209389241,9.009009009009008,-0.05474391099561744
9.04904904904905,127.4099588906517,9.04904904904905,-0.06387991635882369
9.089089089089088,127.39606858937906,9.089089089089088,-0.07314901730644523
9.12912912912913,127.3821513325756,9.12912912912913,-0.08256295788720328
9.169169169169168,127.36820875973227,9.169169169169168,-0.09213393131445097
9.20920920920921,127.3542428738619,9.20920920920921,-0.10187463197749554
9.249249249249248,127.34025606288455,9.249249249249248,-0.11179831113392763
9.28928928928929,127.32625112481644,9.28928928928929,-0.12191883687260596
9.329329329329328,127.31223129637173,9.329329329329328,-0.13225075891931412
9.36936936936937,127.29820028480236,9.36936936936937,-0.14280937892907541
9.409409409409408,127.28416230384154,9.409409409409408,-0.15361082700652062
9.44944944944945,127.27012211344504,9.44944944944945,-0.16467214526627702
9.489489489489488,127.25608506427355,9.489489489489488,-0.17601137937776676
9.52952952952953,127.24205714778404,9.52952952952953,-0.1876476791649483
9.569569569569568,127.22804505290667,9.569569569569568,-0.19960140948440208
9.60960960960961,127.21405622754948,9.60960960960961,-0.21189427270651362
9.649649649649648,127.20009894993265,9.649649649649648,-0.22454944449376157
9.68968968968969,127.18618240592713,9.68968968968969,-0.23759172458827166
9.729729729729728,127.17231677887652,9.729729729729728,-0.25104770486302674
9.76976976976977,127.15851334805014,9.76976976976977,-0.264945956952055
9.809809809809808,127.14478460041516,9.809809809809808,-0.2793172423902263
9.84984984984985,127.13114435772063,9.84984984984985,-0.2941947485954257
9.889889889889888,127.11760791753203,9.889889889889888,-0.3096143544672434
9.92992992992993,127.10419221645883,9.92992992992993,-0.3256149303427095
9.969969969969968,127.09091601253445,9.969969969969968,-0.342238677484636
10.01001001001001,127.07780009338079,10.01001001001001,-0.3595315135410895
10.050050050050048,127.06486751516542,10.050050050050048,-0.37754351153805665
10.09009009009009,127.05214387293084,10.09009009009009,-0.39632940119239335
10.130130130130128,127.03965761403775,10.130130130130128,-0.4159491434741387
10.17017017017017,127.02744039595501,10.17017017017017,-0.4364685910336337
10.210210210210208,127.01552749972618,10.210210210210208,-0.45796025007898017
10.25025025025025,127.00395830881729,10.25025025025025,-0.480504162426365
10.29029029029029,126.99277686814818,10.29029029029029,-0.5041889306566947
10.33033033033033,126.98203252785885,10.33033033033033,-0.5291129136935616
10.37037037037037,126.97178070655056,10.37037037037037,-0.5553856278893556
10.41041041041041,126.96208378170512,10.41041041041041,-0.5831293951525207
10.45045045045045,126.95301214385896,10.45045045045045,-0.6124812911467027
10.49049049049049,126.944645445255,10.49049049049049,-0.6435954590656803
10.53053053053053,126.93707408891551,10.53053053053053,-0.6766458718457167
10.57057057057057,126.9304010126396,10.57057057057057,-0.7118296476098945
10.61061061061061,126.92474383698854,10.61061061061061,-0.7493710520371012
10.65065065065065,126.92023747025797,10.65065065065065,-0.7895263599883378
10.69069069069069,126.91703728325875,10.69069069069069,-0.8325897992855146
10.73073073073073,126.91532300909674,10.73073073073073,-0.8789008689384578
10.77077077077077,126.91530356564266,10.77077077077077,-0.928853417316841
10.81081081081081,126.9172230652664,10.81081081081081,-0.9829069946573277
10.85085085085085,126.92136837052448,10.85085085085085,-1.0416011740693956
10.89089089089089,126.92807867518735,10.89089089089089,-1.1055737873620153
10.93093093093093,126.93775777748827,10.93093093093093,-1.1755843843521754
10.97097097097097,126.95088996931179,10.97097097097097,-1.2525447486234542
11.01101101101101,126.96806084531222,11.01101101101101,-1.3375590763110106
11.05105105105105,126.9899849089859,11.05105105105105,-1.4319775872030376
11.09109109109109,127.0175427104205,11.09109109109109,-1.5374691157178157
11.13113113113113,127.05183158624338,11.13113113113113,-1.6561210119306597
11.17117117117117,127.09423619200463,11.17117117117117,-1.7905791416542576
11.21121121121121,127.14652844705756,11.21121121121121,-1.9442481066141402
11.25125125125125,127.21101226278685,11.25125125125125,-2.1215842373423563
11.29129129129129,127.29073832657346,11.29129129129129,-2.32853570019012
11.33133133133133,127.38983192289469,11.33133133133133,-2.57322375400326
11.37137137137137,127.51400976356479,11.37137137137137,-2.8670347804670584
11.411411411411411,127.67142621517073,11.411411411411411,-3.2264442676941374
11.451451451451451,127.87412230454845,11.451451451451451,-3.6762169444414208
11.491491491491491,128.14064402747957,11.491491491491491,-4.2553681656602125
11.531531531531531,128.5010958017738,11.531531531531531,-5.029131694620958
11.571571571571571,129.00773272689426,11.571571571571571,-6.115414035935994
11.611611611611611,129.759644716507,11.611611611611611,-7.751340131569286
11.651651651651651,130.96887790479263,11.651651651651651,-10.494579857787773
11.691691691691691,133.17186150709568,11.691691691691691,-16.038590676743933
11.731731731731731,137.86928069540227,11.731731731731731,-33.02570089817563
11.771771771771771,13.146170921722108,11.771771771771771,-61.65974002514805
11.811811811811811,99.87532968870228,11.811811811811811,29.82453952144188
11.851851851851851,114.3561273264394,11.851851851851851,15.78108239108994
11.891891891891891,118.32808367107458,11.891891891891891,10.763879091779154
11.931931931931931,120.15074222788442,11.931931931931931,8.203948295537463
11.971971971971971,121.18286656621905,11.971971971971971,6.652760153664581
12.012012012012013,121.83815226486425,12.012012012012013,5.61255021311346
12.052052052052051,122.28460299460436,12.052052052052051,4.866646669109118
12.092092092092093,122.6032188534092,12.092092092092093,4.3056708821225
12.132132132132131,122.83782299014392,12.132132132132131,3.8684587323836923
12.172172172172173,123.01418042621629,12.172172172172173,3.518136867367507
12.212212212212211,123.14842352470792,12.212212212212211,3.2311552893845823
12.252252252252253,123.25116446339801,12.252252252252253,2.991769119920921
12.292292292292291,123.32966720332183,12.292292292292291,2.789052851915595
12.332332332332333,123.38906901057818,12.332332332332333,2.615187640211464
12.372372372372372,123.4331036469477,12.372372372372372,2.464430453255481
12.412412412412413,123.46454824994258,12.412412412412413,2.332468113789082
12.452452452452452,123.48550966595133,12.452452452452452,2.2159984042435545
12.492492492492493,123.49761370708663,12.492492492492493,2.1124502775227545
12.532532532532532,123.50213366769478,12.532532532532532,2.019792109142442
12.572572572572573,123.50007968114691,12.572572572572573,1.9363972819788888
12.612612612612612,123.49226215937107,12.612612612612612,1.860948054435817
12.652652652652653,123.4793376787087,12.652652652652653,1.792365567696693
12.692692692692692,123.46184272351822,12.692692692692692,1.7297580602508569
12.732732732732734,123.44021887615676,12.732732732732734,1.672381993563432
12.772772772772772,123.41483187781591,12.772772772772772,1.6196124833493057
12.812812812812814,123.38598622814588,12.812812812812814,1.5709205376380468
12.852852852852852,123.35393649592534,12.852852852852852,1.5258553408058464
12.892892892892894,123.31889616949653,12.892892892892894,1.4840303253331604
12.932932932932932,123.28104464756655,12.932932932932932,1.4451121189248795
12.972972972972974,123.24053281066195,12.972972972972974,1.408811697308375
13.013013013013012,123.19748749198642,13.013013013013012,1.3748772461538123
13.053053053053054,123.15201509470583,13.053053053053054,1.3430883585416455
13.093093093093092,123.10420453528748,13.093093093093092,1.3132512854986305
13.133133133133134,123.054129653971,13.133133133133134,1.2851950230593798
13.173173173173172,123.00185119841805,13.173173173173172,1.2587680689353775
13.213213213213214,122.9474184642771,13.213213213213214,1.2338357187736075
13.253253253253252,122.89087065691184,13.253253253253252,1.2102778001400605
13.293293293293292,122.83223802666923,13.293293293293292,1.187986763649819
13.333333333333332,122.77154281635593,13.333333333333332,1.1668660673540137
13.373373373373372,122.70880005497393,13.373373373373372,1.146828803042938
13.413413413413412,122.64401822274236,13.413413413413412,1.1277965232758818
13.453453453453452,122.57719980786565,13.453453453453452,1.1096982357532563
13.493493493493492,122.50834177330157,13.493493493493492,1.0924695377633684
13.533533533533532,122.43743895511821,13.533533533533532,1.0761203609172603
13.573573573573572,122.36446933807683,13.573573573573572,1.060391861111871
13.613613613613612,122.28942441858212,13.613613613613612,1.0454407786437774
13.653653653653652,122.21227932568651,13.653653653653652,1.031154022594417
13.693693693693692,122.13300804454647,13.693693693693692,1.017490702286723
13.733733733733734,122.05158054316698,13.733733733733734,1.0044132571506272
13.773773773773772,121.96796287611569,13.773773773773772,0.9918871242171108
13.813813813813814,121.88211725765959,13.813813813813814,0.9798804447093263
13.853853853853852,121.79400210798721,13.853853853853852,0.9683638044469786
13.893893893893894,121.7035720740516,13.893893893893894,0.9573100036309488
13.933933933933933,121.61077802734741,13.933933933933933,0.9466938521908793
13.973973973973974,121.51556704020739,13.973973973973974,0.9364919874458033
14.014014014014013,121.41788234235179,14.014014014014013,0.9266827112781271
14.054054054054054,121.31766325485066,14.054054054054054,0.9172458445325825
14.094094094094093,121.21484510865002,14.094094094094093,0.908162596387294
14.134134134134134,121.10935914162555,14.134134134134134,0.8994154470979963
14.174174174174173,121.00113237822845,14.174174174174173,0.8909880424586691
14.214214214214214,120.89008748949787,14.214214214214214,0.8828650986943378
14.254254254254253,120.77614263476666,14.254254254254253,0.8750323165776689
14.294294294294295,120.6592112831574,14.294294294294295,0.8674763037857222
14.334334334334333,120.53920201519249,14.334334334334333,0.860184504582414
14.374374374374375,120.4160183037369,14.374374374374375,0.8531451360469
14.414414414414413,120.28955827207221,14.414414414414413,0.8463471301895272
14.454454454454455,120.1597144298127,14.454454454454455,0.8397800813117297
14.494494494494493,120.02637338306369,14.494494494494493,0.8334341981284669
14.534534534534535,119.88941551972985,14.534534534534535,0.8273002601345496
14.574574574574573,119.74871466542902,14.574574574574573,0.8213695778589009
14.614614614614615,119.60413771045205,14.614614614614615,0.8156339565945551
14.654654654654653,119.45554420359778,14.654654654654653,0.8100856633205402
14.694694694694695,119.30278591113463,14.694694694694695,0.8047173965167417
14.734734734734733,119.14570633796166,14.734734734734733,0.7995222586237418
14.774774774774775,118.98414020736112,14.774774774774775,0.7944937309356225
14.814814814814813,118.81791289590925,14.814814814814813,0.789625650730421
14.854854854854855,118.64683981913427,14.854854854854855,0.7849121904771169
14.894894894894893,118.47072576386024,14.894894894894893,0.7803478389666069
14.934934934934935,118.28936416153336,14.934934934934935,0.7759273842535325
14.974974974974973,118.10253629680273,14.974974974974973,0.7716458983048232
15.015015015015015,117.91001044574105,15.015015015015015,0.767498723257268
15.055055055055053,117.71154093506227,15.055055055055053,0.763481459240081
15.095095095095095,117.50686711551444,15.095095095095095,0.7595899536928435
15.135135135135133,117.29571223926052,15.135135135135133,0.7558202921639192
15.175175175175175,117.07778223185007,15.175175175175175,0.7521687905622648
15.215215215215213,116.85276434614131,15.215215215215213,0.7486319888849317
15.255255255255255,116.62032568611785,15.255255255255255,0.7452066464279267
15.295295295295293,116.38011158469952,15.295295295295293,0.7418897385458593
15.335335335335335,116.13174381914237,15.335335335335335,0.7386784550241243
15.375375375375373,115.87481864499141,15.375375375375373,0.7355702001580824
15.415415415415415,115.60890462583501,15.415415415415415,0.7325625946878085
15.455455455455455,115.33354023504607,15.455455455455455,0.7296534797272347
15.495495495495495,115.04823119979957,15.495495495495495,0.7268409229185455
15.535535535535535,114.75244755514416,15.535535535535535,0.7241232270513842
15.575575575575575,114.44562037010824,15.575575575575575,0.7214989414670194
15.615615615615615,114.12713810235725,15.615615615615615,0.7189668766210572
15.655655655655655,113.79634253097322,15.655655655655655,0.7165261222713861
15.695695695695695,113.45252420912766,15.695695695695695,0.7141760698489951
15.735735735735735,113.09491736828402,15.735735735735735,0.7119164396889678
15.775775775775776,112.72269419533951,15.775775775775776,0.7097473139520433
15.815815815815816,112.33495838922882,15.815815815815816,0.7076691762350674
15.855855855855856,111.93073788891219,15.855855855855856,0.7056829590977765
15.895895895895896,111.50897664284463,15.895895895895896,0.7037901010006801
15.935935935935936,111.06852527058332,15.935935935935936,0.7019926144909547
15.975975975975976,110.60813043361826,15.975975975975976,0.7002931678955441
16.016016016016017,110.12642270115033,16.016016016016017,0.6986951833186672
16.056056056056054,109.62190265423258,16.056056056056054,0.6972029544118679
16.096096096096097,109.09292491643245,16.096096096096097,0.6958217882511794
16.136136136136134,108.53767973776698,16.136136136136134,0.6945581767527613
16.176176176176178,107.95417167481243,16.176176176176178,0.6934200044843583
16.216216216216214,107.34019481149241,16.216216216216214,0.6924168015699992
16.256256256256258,106.69330383517658,16.256256256256258,0.6915600528026054
16.296296296296294,106.01078012167763,16.296296296296294,0.690863577257739
16.336336336336338,105.28959177658304,16.336336336336338,0.6903439969256112
16.376376376376374,104.52634630940567,16.376376376376374,0.6900213185601132
16.416416416416418,103.7172342739333,16.416416416416418,0.6899196606087594
16.456456456456454,102.8579617454614,16.456456456456454,0.6900681676185375
16.496496496496498,101.94366890716988,16.496496496496498,0.6905021690351831
16.536536536536534,100.96883119435266,16.536536536536534,0.6912646597408065
16.576576576576578,99.92713835680661,16.576576576576578,0.6924082085714243
16.616616616616614,98.81134526994438,16.616616616616614,0.6939974428277702
16.656656656656658,97.61308622461883,16.656656656656658,0.6961123178218717
16.696696696696694,96.32264143050548,16.696696696696694,0.6988524715435225
16.736736736736738,94.92864015973299,16.736736736736738,0.702343102858465
16.776776776776774,93.41767863928456,16.776776776776774,0.706743026476507
16.816816816816818,91.77382130976635,16.816816816816818,0.7122558999196292
16.856856856856854,89.97793949888728,16.856856856856854,0.7191461772040697
16.896896896896898,88.00681851494303,16.896896896896898,0.7277622887098784
16.936936936936934,85.83192665165458,16.936936936936934,0.7385711999008332
16.976976976976978,83.41767611103775,16.976976976976978,0.7522115182974406
17.017017017017015,80.71889393167366,17.017017017017015,0.7695780968816968
17.057057057057058,77.67701333675113,17.057057057057058,0.7919628124407226
17.097097097097098,74.2140866057613,17.097097097097098,0.8213017307184137
17.137137137137138,70.22285126132111,17.137137137137138,0.8606394507995379
17.177177177177178,65.54905328630618,17.177177177177178,0.9150817481419656
17.217217217217218,59.95687990145834,17.217217217217218,0.9939977021722705
17.257257257257255,53.05162497173028,17.257257257257255,1.1170645281227947
17.2972972972973,44.066202118846185,17.2972972972973,1.3360882450471332
17.33733733733734,30.987360685704644,17.33733733733734,1.870474959467649
17.37737737737738,3.941979935792351,17.37737737737738,13.515632682485634
17.417417417417415,1.5800044529321966,17.417417417417415,38.23591112124614
17.45745745745746,1.2967431240507619,17.45745745745746,54.239771164377636
17.4974974974975,1.2145367736852122,17.4974974974975,68.30589205866497
17.537537537537535,1.2122262586339567,17.537537537537535,81.85989218371708
17.577577577577575,1.2619288466783467,17.577577577577575,95.61616771930164
17.61761761761762,1.3590284738274063,17.61761761761762,110.11910842547456
17.65765765765766,1.5107287833125855,17.65765765765766,125.92431820042138
17.697697697697695,1.7361064540586246,17.697697697697695,143.72427528732968
17.737737737737735,2.0731889749650265,17.737737737737735,164.5103082329877
17.77777777777778,2.5985577136605387,17.77777777777778,189.86945260315716
17.81781781781782,3.4822831673348986,17.81781781781782,222.65029400284726
17.857857857857855,5.172911196650323,17.857857857857855,268.7696300328543
17.897897897897895,9.260534507873302,17.897897897897895,343.62358500682797
17.93793793793794,26.333232297170515,17.93793793793794,509.7494975841163
17.97797797797798,1320.9205969510756,17.97797797797798,704.5961485699171
18.018018018018015,513.9748734972766,18.018018018018015,27.512481990877912
18.058058058058055,381.8507817594437,18.058058058058055,11.475619059728743
18.0980980980981,322.78264494299873,18.0980980980981,7.014116858000893
18.13813813813814,288.04999200207095,18.13813813813814,5.039540636220359
18.178178178178175,264.7922143696364,18.178178178178175,3.959239234560942
18.218218218218215,247.97220159596623,18.218218218218215,3.2908252637513047
18.25825825825826,235.16869987249845,18.25825825825826,2.842553010311048
18.2982982982983,225.0585301554427,18.2982982982983,2.5243294547854522
18.338338338338335,216.8515282398783,18.338338338338335,2.2886889089247258
18.378378378378375,210.04401138121005,18.378378378378375,2.1084405354773605
18.41841841841842,204.2984008412361,18.41841841841842,1.9669779054018959
18.45845845845846,199.37925770934507,18.45845845845846,1.8536319687900429
18.498498498498495,195.1169730551782,18.498498498498495,1.7612606658491123
18.538538538538536,191.38603062116476,18.538538538538536,1.6849174499854678
18.57857857857858,188.0914112212242,18.57857857857858,1.6210767770673025
18.61861861861862,185.15977143346996,18.61861861861862,1.5671636635935158
18.658658658658656,182.5335384060543,18.658658658658656,1.5212572402172064
18.698698698698696,180.1668488853081,18.698698698698696,1.4818979431722248
18.73873873873874,178.02269020545143,18.73873873873874,1.4479586113256597
18.77877877877878,176.07084555758075,18.77877877877878,1.4185561987545507
18.818818818818816,174.28639001594644,18.818818818818816,1.3929899963764971
18.85885885885886,172.6485715931749,18.85885885885886,1.3706975698110024
18.8988988988989,171.13996644818937,18.8988988988989,1.3512227895310005
18.93893893893894,169.74583257859152,18.93893893893894,1.334192273201395
18.978978978978976,168.45360937615774,18.978978978978976,1.31929778134192
19.01901901901902,167.25252585319137,19.01901901901902,1.3062828925728207
19.05905905905906,166.13329084275247,19.05905905905906,1.2949327993996513
19.0990990990991,165.08784574936323,19.0990990990991,1.2850664093895452
19.139139139139136,164.10916552732408,19.139139139139136,1.276530170068619
19.17917917917918,163.19109721432744,19.17917917917918,1.2691931971129413
19.21921921921922,162.32822796682797,19.21921921921922,1.262943398079093
19.25925925925926,161.51577647228493,19.25925925925926,1.2576843639628537
19.299299299299296,160.74950302355973,19.299299299299296,1.2533328582198944
19.33933933933934,160.02563460537834,19.33933933933934,1.2498167746110265
19.37937937937938,159.34080213642213,19.37937937937938,1.2470734658026723
19.41941941941942,158.69198761909118,19.41941941941942,1.2450483673381572
19.459459459459456,158.0764794113939,19.459459459459456,1.2436938585581336
19.4994994994995,157.491834197175,19.4994994994995,1.2429683148574369
19.53953953953954,156.93584450882244,19.53953953953954,1.2428353154048886
19.57957957957958,156.40651087598764,19.57957957957958,1.2432629779342628
19.619619619619616,155.90201784611293,19.619619619619616,1.2442233980138573
19.65965965965966,155.4207132646864,19.65965965965966,1.2456921746028318
19.6996996996997,154.96109030375007,19.6996996996997,1.2476480073804503
19.73973973973974,154.52177182466326,19.73973973973974,1.250072353963167
19.779779779779776,154.10149672722662,19.779779779779776,1.2529491373900428
19.81981981981982,153.69910799592017,19.81981981981982,1.2562644960271725
19.85985985985986,153.31354220218782,19.85985985985986,1.2600065694004496
19.8998998998999,152.9438202592126,19.8998998998999,1.2641653146590777
19.939939939939936,152.58903925845763,19.939939939939936,1.268732349226176
19.97997997997998,152.24836524265388,19.97997997997998,1.2737008160155607
20.02002002002002,151.92102679244863,20.02002002002002,1.279065268149841
20.06006006006006,151.6063093217704,20.06006006006006,1.2848215706519588
20.100100100100097,151.3035499923101,20.100100100100097,1.2909668169849349
20.14014014014014,151.0121331702678,20.14014014014014,1.297499258690596
20.18018018018018,150.73148635923224,20.18018018018018,1.3044182465910457
20.22022022022022,150.4610765522985,20.22022022022022,1.3117241824149848
20.260260260260257,150.20040695413962,20.260260260260257,1.3194184797462418
20.3003003003003,149.94901403011272,20.3003003003003,1.3275035334330705
20.34034034034034,149.70646484575974,20.34034034034034,1.3359826968757407
20.38038038038038,149.47235466373544,20.38038038038038,1.34486026646719
20.420420420420417,149.24630477056576,20.420420420420417,1.3541414728879353
20.46046046046046,149.02796050800396,20.46046046046046,1.3638324787949168
20.5005005005005,148.8169894878366,20.5005005005005,1.3739403827449204
20.54054054054054,148.61307997065202,20.54054054054054,1.384473229102318
20.58058058058058,148.41593939241648,20.58058058058058,1.3954400239316234
20.62062062062062,148.22529302333166,20.62062062062062,1.4068507567399282
20.66066066066066,148.040882747115,20.66066066066066,1.4187164282936142
20.7007007007007,147.86246594792615,20.7007007007007,1.4310490844486203
20.74074074074074,147.68981449594787,20.74074074074074,1.443861856358375
20.78078078078078,147.52271382179745,20.78078078078078,1.4571690072103116
20.82082082082082,147.36096207254332,20.82082082082082,1.4709859859360905
20.86086086086086,147.20436934150572,20.86086086086086,1.4853294882136274
20.9009009009009,147.05275696662605,20.9009009009009,1.5002175254050738
20.94094094094094,146.90595689071768,20.94094094094094,1.51566950187357
20.98098098098098,146.7638110802279,20.98098098098098,1.5317063015797336
21.02102102102102,146.62617099675168,21.02102102102102,1.548350384570764
21.06106106106106,146.49289711900238,21.06106106106106,1.5656258944972832
21.1011011011011,146.36385851081215,21.1011011011011,1.5835587780778055
21.14114114114114,146.23893243364844,21.14114114114114,1.6021769179269807
21.18118118118118,146.1180040000628,21.18118118118118,1.6215102800040886
21.22122122122122,146.00096586759653,21.22122122122122,1.6415910775221532
21.26126126126126,145.88771797017134,21.26126126126126,1.662453952994686
21.3013013013013,145.77816728716044,21.3013013013013,1.684136180767808
21.34134134134134,145.67222764854856,21.34134134134134,1.7066778923988704
21.38138138138138,145.5698195765411,21.38138138138138,1.7301223278444802
21.42142142142142,145.4708701625659,21.42142142142142,1.754516115579821
21.46146146146146,145.37531298268945,21.46146146146146,1.7799095858501255
21.501501501501497,145.28308804842797,21.501501501501497,1.806357120836531
21.54154154154154,145.19414179854328,21.54154154154154,1.8339175474932448
21.58158158158158,145.1084271317757,21.58158158158158,1.8626545786847404
21.62162162162162,145.0259034830968,21.62162162162162,1.8926373095329232
21.661661661661658,144.94653694809827,21.661661661661658,1.9239407772946608
21.7017017017017,144.87030045861468,21.7017017017017,1.956646594089451
21.74174174174174,144.79717401583335,21.74174174174174,1.9908436638565166
21.78178178178178,144.7271449867442,21.78178178178178,2.0266289966691757
21.821821821821818,144.66020847223402,21.821821821821818,2.0641086361726915
21.86186186186186,144.5963677556151,21.86186186186186,2.103398718644133
21.9019019019019,144.535634844413,21.9019019019019,2.1446266861929946
21.94194194194194,144.47803103894415,21.94194194194194,2.187933021392148
21.981981981981978,144.42358801529343,21.981981981981978,2.233471493961803
22.02202202202202,144.37234827865748,22.02202202202202,2.281413052774484
22.06206206206206,144.32436655194448,22.06206206206206,2.331946630327809
22.1021021021021,144.27971098477366,22.1021021021021,2.3852819925492827
22.142142142142138,144.23846467529756,22.142142142142138,2.4416526780288748
22.18218218218218,144.20072747632562,22.18218218218218,2.501319450648645
22.22222222222222,144.1666181429751,22.22222222222222,2.564574373126919
22.26226226226226,144.1362768951112,22.26226226226226,2.631745636115726
22.302302302302305,144.10986848345388,22.302302302302305,2.703203310980155
22.34234234234234,144.08758587414167,22.34234234234234,2.7793662394035485
22.38238238238238,144.06965469787366,22.38238238238238,2.860710331234734
22.42242242242242,144.0563386460136,22.42242242242242,2.947778616942522
22.462462462462465,144.04794605596365,22.462462462462465,3.041193504659071
22.5025025025025,144.04483799571767,22.5025025025025,3.1416718266444374
22.54254254254254,144.0474382558529,22.54254254254254,3.2500434449440023
22.58258258258258,144.05624579065082,22.58258258258258,3.367274439141857
22.62262262262262,144.07185033174446,22.62262262262262,3.4944962487042894
22.66266266266266,144.09495215606793,22.66266266266266,3.6330426346368854
22.7027027027027,144.1263873492835,22.7027027027027,3.78449702192855
22.74274274274274,144.16716043058787,22.74274274274274,3.9507537930760583
22.782782782782782,144.21848695985534,22.782782782782782,4.134098575884615
22.822822822822822,144.28184987956746,22.822822822822822,4.337314770016784
22.862862862862862,144.35907503960996,22.862862862862862,4.563826892243488
22.902902902902902,144.45243398255178,22.902902902902902,4.8178965014801625
22.942942942942942,144.56478619155627,22.942942942942942,5.104894671525079
22.982982982982982,144.69977968666385,22.982982982982982,5.431688348313519
23.023023023023022,144.86213993293887,23.023023023023022,5.807200298702652
23.063063063063062,145.05809601789971,23.063063063063062,6.243241052454463
23.103103103103102,145.29602673865352,23.103103103103102,6.755780624274272
23.143143143143142,145.58747148489803,23.143143143143142,7.36695760523273
23.183183183183182,145.94877257642776,23.183183183183182,8.1083770914157
23.223223223223222,146.40385318681234,23.223223223223222,9.026786234656026
23.263263263263262,146.98919812092623,23.263263263263262,10.19437687113618
23.303303303303302,147.76333247360193,23.303303303303302,11.728861312551517
23.343343343343342,148.82644116267912,23.343343343343342,13.836141187246852
23.383383383383382,150.3655306029527,23.383383383383382,16.91220498303608
23.423423423423422,152.7748632529509,23.423423423423422,21.829540516852344
23.463463463463462,157.05592737728233,23.463463463463462,30.970623645966487
23.503503503503502,166.76746402241244,23.503503503503502,54.11346792178718
23.543543543543542,252.44050963716109,23.543543543543542,262.19368332326934
23.583583583583582,62.0797797280822,23.583583583583582,-182.96889426750417
23.623623623623622,110.4268850450865,23.623623623623622,-45.55589440886766
23.663663663663662,123.71752994104223,23.663663663663662,-27.312487327874216
23.703703703703702,128.9604313323428,23.703703703703702,-19.51536669325603
23.743743743743742,131.7663035630002,23.743743743743742,-15.14940907838849
23.783783783783782,133.51005789883132,23.783783783783782,-12.351748049149178
23.823823823823822,134.6956383985866,23.823823823823822,-10.404099185085489
23.863863863863862,135.55171708425516,23.863863863863862,-8.969329159335997
23.903903903903903,136.19713325742043,23.903903903903903,-7.867951689316488
23.943943943943943,136.69978424292273,23.943943943943943,-6.995542160938998
23.983983983983983,137.10128478568424,23.983983983983983,-6.2871846002458875
24.024024024024026,137.4285635986513,24.024024024024026,-5.700390195246287
24.064064064064063,137.69981668423688,24.064064064064063,-5.206177200216054
24.104104104104103,137.92778143795982,24.104104104104103,-4.784096369908619
24.144144144144143,138.12164028137568,24.144144144144143,-4.419304887830232
24.184184184184186,138.28817952081633,24.184184184184186,-4.100767517352971
24.224224224224223,138.4325226038183,24.224224224224223,-3.8201087778881346
24.264264264264263,138.55860963165318,24.264264264264263,-3.570856828884903
24.304304304304303,138.66951999124592,24.304304304304303,-3.3479314666251025
24.344344344344346,138.76769489470584,24.344344344344346,-3.1472889624129508
24.384384384384383,138.85509427624996,24.384384384384383,-2.965670401238203
24.424424424424423,138.93330957700965,24.424424424424423,-2.800419957025038
24.464464464464463,139.00364624133366,24.464464464464463,-2.6493514290268205
24.504504504504506,139.06718500612908,24.504504504504506,-2.510648718820791
24.544544544544543,139.1248280837367,24.544544544544543,-2.3827905851056688
24.584584584584583,139.17733440899534,24.584584584584583,-2.2644930366302893
24.624624624624623,139.22534685830206,24.624624624624623,-2.154664719497698
24.664664664664667,139.26941349427963,24.664664664664667,-2.052372003121521
24.704704704704703,139.31000431270627,24.704704704704703,-1.956811390094137
24.744744744744743,139.3475245637793,24.744744744744743,-1.8672875180198365
24.784784784784783,139.38232543944883,24.784784784784783,-1.7831954734382418
24.824824824824827,139.41471271153654,24.824824824824827,-1.704006463617292
24.864864864864863,139.44495376959276,24.864864864864863,-1.629256123388144
24.904904904904903,139.47328338900937,24.904904904904903,-1.5585349096865357
24.944944944944943,139.49990849153994,24.944944944944943,-1.4914801603153782
24.984984984984987,139.52501209674995,24.984984984984987,-1.427769489972122
25.025025025025023,139.54875661960668,25.025025025025023,-1.3671152678560679
25.065065065065063,139.57128663802982,25.065065065065063,-1.309259975117274
25.105105105105103,139.59273122586768,25.105105105105103,-1.2539722828449384
25.145145145145147,139.61320592939367,25.145145145145147,-1.2010437229616526
25.185185185185183,139.6328144498079,25.185185185185183,-1.1502858496134793
25.225225225225223,139.6516500781495,25.225225225225223,-1.1015278091191962
25.265265265265263,139.66979692890618,25.265265265265263,-1.0546142501638431
25.305305305305307,139.68733099954358,25.305305305305307,-1.0094035205897574
25.345345345345343,139.70432108726033,25.345345345345343,-0.9657661049489744
25.385385385385383,139.72082958265693,25.385385385385383,-0.923583266209666
25.425425425425423,139.7369131594051,25.425425425425423,-0.8827458607293367
25.465465465465467,139.752623376223,25.465465465465467,-0.8431533007455546
25.505505505505504,139.76800720213166,25.505505505505504,-0.8047126433014262
25.545545545545544,139.78310747751462,25.545545545545544,-0.7673377873559624
25.585585585585584,139.79796331832856,25.585585585585584,-0.7309487642269968
25.625625625625627,139.81261047253722,25.625625625625627,-0.6954711083457994
25.665665665665664,139.82708163364828,25.665665665665664,-0.6608352977038402
25.705705705705704,139.8414067184571,25.705705705705704,-0.626976254499885
25.745745745745747,139.8556131117711,25.745745745745747,-0.5938328983496975
25.785785785785787,139.86972588428952,25.785785785785787,-0.5613477449651155
25.825825825825824,139.8837679843448,25.825825825825824,-0.5294665448311058
25.865865865865864,139.89776040921615,25.865865865865864,-0.49813795645130193
25.905905905905907,139.91172235647673,25.905905905905907,-0.4673132500640037
25.945945945945947,139.9256713579713,25.945945945945947,-0.4369460379529197
25.985985985985984,139.93962339918093,25.985985985985984,-0.4069920279098911
26.026026026026024,139.9535930241825,26.026026026026024,-0.37740879710725084
26.066066066066067,139.96759342896723,26.066066066066067,-0.34815558363019794
26.106106106106107,139.9816365428293,26.106106106106107,-0.31919309357641945
26.146146146146144,139.99573310048544,26.146146146146144,-0.29048332149109707
26.186186186186184,140.00989270405972,26.186186186186184,-0.2619893825402722
26.226226226226228,140.02412387736553,26.226226226226228,-0.2336753545811365
26.266266266266268,140.03843411162586,26.266266266266268,-0.20550612883195785
26.306306306306304,140.05282990452213,26.306306306306304,-0.17744726762454208
26.346346346346344,140.0673167916871,26.346346346346344,-0.14946486815329116
26.386386386386388,140.08189937187387,26.386386386386388,-0.12152543095550068
26.426426426426428,140.09658132656412,26.426426426426428,-0.09359573197711515
26.466466466466464,140.111365432162,26.466466466466464,-0.06564269743618278
26.506506506506504,140.1262535677585,26.506506506506504,-0.03763328014526738
26.546546546546548,140.14124671587945,26.546546546546548,-0.009534336645380507
26.586586586586584,140.15634495847195,26.586586586586584,0.01868749607916351
26.626626626626624,140.17154746616544,26.626626626626624,0.047065925028700856
26.666666666666664,140.18685248243898,26.666666666666664,0.07563512794423784
26.706706706706708,140.2022573009987,26.706706706706708,0.10442988320136182
26.746746746746744,140.21775823753828,26.746746746746744,0.13348570405548454
26.786786786786784,140.2333505941826,26.786786786786784,0.16283897815555293
26.826826826826824,140.24902861747245,26.826826826826824,0.19252711364370403
26.866866866866868,140.2647854489556,26.866866866866868,0.2225886930320512
26.906906906906904,140.28061306711953,26.906906906906904,0.25306363611241234
26.946946946946944,140.29650222184813,26.946946946946944,0.28399337362245314
26.986986986986985,140.3124423581146,26.986986986986985,0.315421032956451
27.027027027027028,140.32842153069905,27.027027027027028,0.3473916380860416
27.067067067067065,140.3444263077671,27.067067067067065,0.37995232555791575
27.107107107107105,140.36044165968562,27.107107107107105,0.41315257845713393
27.147147147147145,140.37645083737613,27.147147147147145,0.4470444816952266
27.187187187187188,140.39243523320758,27.187187187187188,0.48168300071313536
27.227227227227225,140.40837422514923,27.227227227227225,0.5171262872166176
27.267267267267265,140.42424500228037,27.267267267267265,0.5534360157030845
27.307307307307305,140.44002236797223,27.307307307307305,0.590677754828666
27.34734734734735,140.45567851848062,27.34734734734735,0.6289213785707082
27.387387387387385,140.47118279572254,27.387387387387385,0.6682415231683818
27.427427427427425,140.48650140561122,27.427427427427425,0.7087180954935502
27.46746746746747,140.50159710323578,27.46746746746747,0.7504368413737114
27.50750750750751,140.51642883546276,27.50750750750751,0.7934899818763927
27.547547547547545,140.53095133760786,27.547547547547545,0.8379769282673282
27.587587587587585,140.54511467509553,27.587587587587585,0.8840050872332195
27.62762762762763,140.55886372389025,27.62762762762763,0.9316907708690451
27.66766766766767,140.57213757768,27.66766766766767,0.9811602275792499
27.707707707707705,140.584868872194,27.707707707707705,1.032550813982176
27.747747747747745,140.5969830110244,27.747747747747745,1.086012330776582
27.78778778778779,140.60839727774115,27.78778778778779,1.1417085507333726
27.82782782782783,140.61901981353228,27.82782782782783,1.1998189719632533
27.867867867867865,140.6287484368436,27.867867867867865,1.260540836677711
27.907907907907905,140.63746927602838,27.907907907907905,1.3240914639195223
27.94794794794795,140.64505517914836,27.94794794794795,1.390710954889744
27.98798798798799,140.65136385913962,27.98798798798799,1.4606653429834608
28.028028028028025,140.65623571997904,28.028028028028025,1.5342502759976688
28.068068068068065,140.65949130004958,28.068068068068065,1.6117953393316717
28.10810810810811,140.66092825064388,28.10810810810811,1.69366915413007
28.14814814814815,140.6603177491663,28.14814814814815,1.7802854180511978
28.188188188188185,140.65740021982407,28.188188188188185,1.8721100987483854
28.228228228228225,140.65188020046068,28.228228228228225,1.9696700451828586
28.26826826826827,140.64342015161404,28.26826826826827,2.0735633548007453
28.30830830830831,140.63163294340396,28.30830830830831,2.18447192862606
28.348348348348345,140.61607268069693,28.348348348348345,2.3031767737983913
28.388388388388385,140.59622342021714,28.388388388388385,2.430576781046392
28.42842842842843,140.57148519422353,28.42842842842843,2.567711935373627
28.46846846846847,140.54115655914097,28.46846846846847,2.715792231110278
28.508508508508505,140.5044126179437,28.508508508508505,2.876233997146589
28.548548548548546,140.46027708673324,28.548548548548546,3.050705948741366
28.58858858858859,140.40758643266855,28.58858858858859,3.2411881462845455
28.62862862862863,140.34494332914548,28.62862862862863,3.45004829102836
28.668668668668666,140.2706555210507,28.668668668668666,3.6801416129522004
28.708708708708706,140.18265447221583,28.708708708708706,3.934943330162267
28.74874874874875,140.07838553756284,28.74874874874875,4.218726786350799
28.78878878878879,139.9546573118415,28.78878878878879,4.536806776917161
28.828828828828826,139.80743127835822,28.828828828828826,4.8958777180841775
28.868868868868866,139.6315221985032,28.868868868868866,5.304492814051581
28.90890890890891,139.4201616769345,28.90890890890891,5.773757989611724
28.94894894894895,139.1643459679936,28.94894894894895,6.318362063943102
28.988988988988986,138.8518323454708,28.988988988988986,6.9581501598611055
29.029029029029026,138.4655411608804,29.029029029029026,7.720607243562888
29.06906906906907,137.98090772289115,29.06906906906907,8.644932631475134
29.10910910910911,137.36127892932498,29.10910910910911,9.789039407280061
29.149149149149146,136.54943183505313,29.149149149149146,11.242268957644583
29.18918918918919,135.4507733586473,29.18918918918919,13.150146456439003
29.22922922922923,133.89681794780114,29.22922922922923,15.767062624128268
29.26926926926927,131.5552601769018,29.26926926926927,19.582550446781884
29.309309309309306,127.66558505313844,29.309309309309306,25.680057840853095
29.34934934934935,120.01139143226571,29.34934934934935,37.07617426247185
29.38938938938939,98.13303021310541,29.38938938938939,67.73148693236885
29.42942942942943,124.41726242824545,29.42942942942943,307.9600953542333
29.469469469469466,239.96055939859005,29.469469469469466,-210.51410957315537
29.50950950950951,173.55420897009083,29.50950950950951,-61.45385217859483
29.54954954954955,162.99766682599883,29.54954954954955,-36.953274297952326
29.58958958958959,158.1979354723608,29.58958958958959,-26.660601930877654
29.629629629629626,155.45741208501545,29.629629629629626,-20.965228524628948
29.66966966966967,153.6989911435429,29.66966966966967,-17.343241652570665
29.70970970970971,152.48738739347098,29.70970970970971,-14.835049110575518
29.74974974974975,151.61219763887985,29.74974974974975,-12.994787339634167
29.789789789789786,150.95910613956693,29.789789789789786,-11.586806578698994
29.82982982982983,150.4606077321217,29.82982982982983,-10.474748965508082
29.86986986986987,150.07426131162376,29.86986986986987,-9.574200775875378
29.90990990990991,149.77204448860846,29.90990990990991,-8.83009416274495
29.949949949949946,149.53471240618327,29.949949949949946,-8.204967942746814
29.98998998998999,149.34861433060937,29.98998998998999,-7.672448617661692
30.03003003003003,149.20380278961252,30.03003003003003,-7.213429263926109
30.07007007007007,149.0928615770629,30.07007007007007,-6.8137273116632455
30.110110110110107,149.01015268551333,30.110110110110107,-6.462593705398216
30.15015015015015,148.95131724801263,30.15015015015015,-6.151732921944822
30.19019019019019,148.91293583812103,30.19019019019019,-5.874640599124659
30.23023023023023,148.89229175685296,30.23023023023023,-5.626144810645683
30.270270270270267,148.8872026348952,30.270270270270267,-5.402081484893629
30.31031031031031,148.89589840792763,30.31031031031031,-5.199060321961996
30.35035035035035,148.91693142714607,30.35035035035035,-5.0142930724150085
30.39039039039039,148.94910925396402,30.39039039039039,-4.845465616397352
30.430430430430427,148.99144373655042,30.430430430430427,-4.690641339363219
30.47047047047047,149.04311195373455,30.47047047047047,-4.548187219377209
30.51051051051051,149.103425926996,30.51051051051051,-4.416716632987543
30.550550550550547,149.17180889571804,30.550550550550547,-4.2950446271265665
30.590590590590587,149.24777656239897,30.590590590590587,-4.182152598193457
30.63063063063063,149.33092214126282,30.63063063063063,-4.07716014863003
30.67067067067067,149.4209043497489,30.67067067067067,-3.9793024745175405
30.710710710710707,149.51743769513484,30.710710710710707,-3.887912057069286
30.750750750750747,149.6202845703376,30.750750750750747,-3.8024037313208683
30.79079079079079,149.7292487861166,30.79079079079079,-3.722262427263495
30.83083083083083,149.84417025107703,30.83083083083083,-3.6470330422246113
30.870870870870867,149.96492058040857,30.870870870870867,-3.5763120239248374
30.91091091091091,150.09139945771688,30.91091091091091,-3.5097403369798363
30.95095095095095,150.2235316123469,30.95095095095095,-3.446997555032845
30.99099099099099,150.36126430540696,30.99099099099099,-3.387796873825486
31.031031031031027,150.5045652371617,31.031031031031027,-3.3318808824287642
31.07107107107107,150.65342080603295,31.07107107107107,-3.279017961877589
31.11111111111111,150.80783466508976,31.11111111111111,-3.2289992053627117
31.15115115115115,150.96782652830632,31.15115115115115,-3.1816357746253368
31.191191191191187,151.1334311933356,31.191191191191187,-3.13675662213895
31.23123123123123,151.30469774821486,31.23123123123123,-3.0942065220803894
31.27127127127127,151.4816889388188,31.27127127127127,-3.053844362641454
31.31131131131131,151.66448067834077,31.31131131131131,-3.015541660450944
31.351351351351347,151.85316168053296,31.351351351351347,-2.9791812647844425
31.39139139139139,152.0478332059265,31.39139139139139,-2.944656224180207
31.43143143143143,152.2486089096568,31.43143143143143,-2.9118687928077227
31.47147147147147,152.45561478136173,31.47147147147147,-2.8807295575302194
31.511511511511507,152.66898917352134,31.511511511511507,-2.8511566693096926
31.55155155155155,152.88888290965275,31.55155155155155,-2.823075165551976
31.59159159159159,153.11545947239142,31.59159159159159,-2.7964163715574313
31.63163163163163,153.3488952654035,31.63163163163163,-2.7711173714403396
31.671671671671668,153.5893799512229,31.671671671671668,-2.747120539910198
31.71171171171171,153.83711686251863,31.71171171171171,-2.72437312786006
31.75175175175175,154.0923234862145,31.75175175175175,-2.7028268956475645
31.79179179179179,154.3552320283015,31.79179179179179,-2.6824377885554314
31.831831831831828,154.62609005076783,31.831831831831828,-2.663165650366457
31.87187187187187,154.9051611947352,31.87187187187187,-2.6449739707611513
31.91191191191191,155.192725987829,31.91191191191191,-2.6278296634958505
31.95195195195195,155.48908274134666,31.95195195195195,-2.6117028725173257
31.991991991991988,155.79454854382666,31.991991991991988,-2.5965668036120078
32.032032032032035,156.10946036150642,32.032032032032035,-2.5823975795298657
32.07207207207207,156.43417624407863,32.07207207207207,-2.5691741171410927
32.11211211211211,156.7690766568065,32.11211211211211,-2.556878025011279
32.15215215215215,157.11456594014666,32.15215215215215,-2.5454935205318883
32.192192192192195,157.4710739151658,32.192192192192195,-2.5350073656801935
32.23223223223223,157.83905764365898,32.23223223223223,-2.5254088209308523
32.27227227227227,158.21900336193292,32.27227227227227,-2.51668961694872
32.31231231231231,158.6114286045804,32.31231231231231,-2.508843944007274
32.352352352352355,159.0168845365973,32.352352352352355,-2.5018684593001486
32.39239239239239,159.4359585198531,32.39239239239239,-2.495762312523132
32.43243243243243,159.86927693575876,32.43243243243243,-2.4905271904179265
32.472472472472475,160.31750829622845,32.472472472472475,-2.486167381196336
32.512512512512515,160.7813666751271,32.512512512512515,-2.482689860096381
32.55255255255255,161.26161549633778,32.55255255255255,-2.4801043976410657
32.59259259259259,161.75907172570027,32.59259259259259,-2.4784236925508645
32.632632632632635,162.27461051012693,32.632632632632635,-2.477663531678245
32.672672672672675,162.80917033124607,32.672672672672675,-2.477842979864381
32.71271271271271,163.36375872122088,32.71271271271271,-2.478984603084581
32.75275275275275,163.93945863689487,32.75275275275275,-2.481114729074503
32.792792792792795,164.53743556216372,32.792792792792795,-2.4842637502445433
32.832832832832835,165.15894544780383,32.832832832832835,-2.4884664747384293
32.87287287287287,165.8053436039698,32.87287287287287,-2.4937625325539066
32.91291291291291,166.4780946776187,32.91291291291291,-2.50019684493105
32.952952952952955,167.1787838800203,32.952952952952955,-2.5078201669137297
32.992992992992995,167.9091296433886,32.992992992992995,-2.5166897147797154
33.03303303303303,168.67099793151218,33.03303303303303,-2.526869892529058
33.07307307307307,169.4664184589279,33.07307307307307,-2.5384331343825144
33.113113113113116,170.2976031241389,33.113113113113116,-2.5514608837970307
33.153153153153156,171.1669670237436,33.153153153153156,-2.566044733923613
33.19319319319319,172.07715247529592,33.19319319319319,-2.58228775968254
33.23323323323323,173.03105657400653,33.23323323323323,-2.6003060785434275
33.273273273273276,174.03186290667577,33.273273273273276,-2.6202306854325306
33.313313313313316,175.0830781756296,33.313313313313316,-2.642209617793742
33.35335335335335,176.18857465793997,33.35335335335335,-2.6664105205523434
33.39339339339339,177.3526396181098,33.39339339339339,-2.693023697800782
33.433433433433436,178.580033050099,33.433433433433436,-2.72226576025024
33.473473473473476,179.87605545767963,33.473473473473476,-2.754384006463199
33.51351351351351,181.24662777695482,33.51351351351351,-2.7896617129830106
33.55355355355355,182.69838609382523,33.55355355355355,-2.8284245582349916
33.593593593593596,184.23879447858903,33.593593593593596,-2.8710484700989496
33.633633633633636,185.8762801523611,33.633633633633636,-2.9179692744632035
33.67367367367367,187.6203963855908,33.67367367367367,-2.9696946404677202
33.71371371371371,189.48202005750667,33.71371371371371,-3.0268189784106725
33.753753753753756,191.473592908569,33.753753753753756,-3.090042168742542
33.793793793793796,193.60941831818567,33.793793793793796,-3.1601933095276387
33.83383383383383,195.90602927945596,33.83383383383383,-3.238261106063087
33.87387387387387,198.38264859562096,33.87387387387387,-3.3254331517999134
33.913913913913916,201.06176975143805,33.913913913913916,-3.4231472549404875
33.953953953953956,203.96989759034332,33.953953953953956,-3.533159303432027
33.99399399399399,207.13850317500925,33.99399399399399,-3.657634161963353
34.03403403403403,210.6052698664125,34.03403403403403,-3.7992691612127114
34.074074074074076,214.4157411834294,34.074074074074076,-3.9614645081199855
34.114114114114116,218.62553248332398,34.114114114114116,-4.148562562414978
34.15415415415415,223.3033486398156,34.15415415415415,-4.36619037119027
34.194194194194196,228.53517811054274,34.194194194194196,-4.621760779578539
34.234234234234236,234.43024454114106,34.234234234234236,-4.925223727107402
34.274274274274276,241.1296550251761,34.274274274274276,-5.29022456540763
34.31431431431431,248.81931318266356,34.31431431431431,-5.735948227112592
34.354354354354356,257.7498185958887,34.354354354354356,-6.29016717247158
34.394394394394396,268.2682911324905,34.394394394394396,-6.99450566080303
34.434434434434436,280.87156770034164,34.434434434434436,-7.914023855008441
34.47447447447447,296.30003058357187,34.47447447447447,-9.155824564787782
34.51451451451451,315.7145118622978,34.51451451451451,-10.908195168972417
34.55455455455455,341.05948093377305,34.55455455455455,-13.531917193839629
34.5945945945946,375.897857669603,34.5945945945946,-17.805025869172113
34.63463463463464,427.65826197733645,34.63463463463464,-25.723079034172947
34.67467467467468,515.3153078016423,34.67467467467468,-44.08081515679774
34.71471471471472,708.5576361085468,34.71471471471472,-113.80845223068009
34.75475475475476,803.7439694412114,34.75475475475476,-1046.3446017771373
34.79479479479479,77.02074833761394,34.79479479479479,-642.2316657023581
34.83483483483483,29.95763296635987,34.83483483483483,-462.53639987160744
34.87487487487487,17.027893347566497,34.87487487487487,-375.0810500460089
34.91491491491492,11.416644456385372,34.91491491491492,-320.5992256275091
34.95495495495496,8.398977414176475,34.95495495495496,-282.193878694172
34.994994994995,6.559247764150074,34.994994994995,-253.0319078745775
35.03503503503504,5.34143248644167,35.03503503503504,-229.75650921528165
35.07507507507507,4.487213309488617,35.07507507507507,-210.4996187813985
35.11511511511511,3.8619127671358915,35.11511511511511,-194.1267901012625
35.15515515515515,3.3891386323122887,35.15515515515515,-179.9028405651133
35.19519519519519,3.0226843015184035,35.19519519519519,-167.32659350088653
35.23523523523524,2.733160546072773,35.23523523523524,-156.04209710636
35.27527527527528,2.501115570614272,35.27527527527528,-145.78768488316842
35.31531531531532,2.313265745276785,35.31531531531532,-136.36513122123066
35.35535535535536,2.160324412143496,35.35535535535536,-127.62009900627892
35.39539539539539,2.0357013225208185,35.39539539539539,-119.42922489796702
35.43543543543543,1.9347024255048568,35.43543543543543,-111.69124116774299
35.47547547547547,1.8540336530504689,35.47547547547547,-104.32060112986156
35.51551551551551,1.7915031801846286,35.51551551551551,-97.24264842236106
35.55555555555556,1.7458690150035383,35.55555555555556,-90.38967473740405
35.5955955955956,1.7168153825518118,35.5955955955956,-83.69734820101411
35.63563563563564,1.7050779838309242,35.63563563563564,-77.1009973200806
35.67567567567568,1.7127947304396804,35.67567567567568,-70.53107212105667
35.71571571571571,1.7442783756232287,35.71571571571571,-63.90663568298177
35.75575575575575,1.8077173381013327,35.75575575575575,-57.124549846750995
35.79579579579579,1.9192606902267757,35.79579579579579,-50.03879159322897
35.83583583583583,2.1145192188967687,35.83583583583583,-42.41418706597346
35.87587587587588,2.490791154671643,35.87587587587588,-33.798519701697394
35.91591591591592,3.4668490614844676,35.91591591591592,-23.0213791213874
35.95595595595596,11.110569715013458,35.95595595595596,-7.3565792595731265
35.995995995996,24.77558425782819,35.995995995996,-3.621207921869893
36.03603603603603,33.19876045194047,36.03603603603603,-2.8314121159105707
36.07607607607607,39.532696057835196,36.07607607607607,-2.455215044281079
36.11611611611611,44.68503599240725,36.11611611611611,-2.2280822161862073
36.15615615615616,49.04953347985532,36.15615615615616,-2.0746010463613627
36.1961961961962,52.84024111418849,36.1961961961962,-1.9639149326983876
36.23623623623624,56.189445126037796,36.23623623623624,-1.8806976169341603
36.27627627627628,59.1859632623529,36.27627627627628,-1.8163422223824015
36.31631631631632,61.89298507986365,36.31631631631632,-1.7655859203489572
36.35635635635635,64.35742902563469,36.35635635635635,-1.7250030880529283
36.39639639639639,66.61529205985796,36.39639639639639,-1.6922547858953558
36.43643643643643,68.69491575934408,36.43643643643643,-1.6656827351890844
36.47647647647648,70.61908640070686,36.47647647647648,-1.644074967002963
36.51651651651652,72.40644302173104,36.51651651651652,-1.6265233092435858
36.55655655655656,74.0724547491046,36.55655655655656,-1.6123329146749439
36.5965965965966,75.63011909013012,36.5965965965966,-1.6009627200037055
36.63663663663664,77.09047334574443,36.63663663663664,-1.5919850429703668
36.67667667667667,78.46297718667908,36.67667667667667,-1.5850574349248594
36.71671671671671,79.755804180804,36.71671671671671,-1.579902618048767
36.75675675675675,80.97606755544841,36.75675675675675,-1.5762938959535253
36.7967967967968,82.12999756289379,36.7967967967968,-1.574044355361659
36.83683683683684,83.22308257763929,36.83683683683684,-1.572998747415261
36.87687687687688,84.2601826493166,36.87687687687688,-1.5730272975196729
36.91691691691692,85.24562181277496,36.91691691691692,-1.5740209259203954
36.95695695695696,86.1832638274554,36.95695695695696,-1.5758875154514222
36.99699699699699,87.07657484809664,36.99699699699699,-1.5785489670217991
37.03703703703703,87.92867567701107,37.03703703703703,-1.581938854894385
37.07707707707707,88.74238563521641,37.07707707707707,-1.5860005437428903
37.11711711711712,89.52025963745861,37.11711711711712,-1.590685664901804
37.15715715715716,90.26461970925718,37.15715715715716,-1.595952874644526
37.1971971971972,90.97758192413895,37.1971971971972,-1.6017668358200896
37.23723723723724,91.66107954927874,37.23723723723724,-1.6080973778979388
37.27727727727728,92.3168830215856,37.27727727727728,-1.614918800508433
37.31731731731731,92.94661726926769,37.31731731731731,-1.622209293322174
37.35735735735735,93.55177679192786,37.35735735735735,-1.6299504508394074
37.39739739739739,94.13373883826128,37.39739739739739,-1.638126865091982
37.43743743743744,94.6937749666196,37.43743743743744,-1.6467257827754873
37.47747747747748,95.23306122003378,37.47747747747748,-1.6557368159261456
37.51751751751752,95.75268710758588,37.51751751751752,-1.6651516973161518
37.55755755755756,96.25366356149277,37.55755755755756,-1.6749640735528613
37.5975975975976,96.73693000335233,37.5975975975976,-1.6851693300158068
37.63763763763763,97.2033606359185,37.63763763763763,-1.6957644428737946
37.67767767767767,97.65377006197953,37.67767767767767,-1.7067478543379073
37.71771771771772,98.08891831287373,37.71771771771772,-1.7181193679037448
37.75775775775776,98.50951535802571,37.75775775775776,-1.7298800609038687
37.7977977977978,98.91622516070909,37.7977977977978,-1.742032212257599
37.83783783783784,99.30966932965922,37.83783783783784,-1.7545792435055432
37.87787787787788,99.69043041577736,37.87787787787788,-1.7675256717071517
37.91791791791792,100.05905489326774,37.91791791791792,-1.7808770729521874
37.95795795795795,100.41605585835907,37.95795795795795,-1.7946400554150443
37.99799799799799,100.76191547868223,37.99799799799799,-1.8088222412125594
38.03803803803804,101.09708721845895,38.03803803803804,-1.8234322563624208
38.07807807807808,101.42199786221964,38.07807807807808,-1.8384797282961174
38.11811811811812,101.73704935879987,38.11811811811812,-1.8539752905767293
38.15815815815816,102.04262050357991,38.15815815815816,-1.8699305945412605
38.1981981981982,102.33906847242207,38.1981981981982,-1.886358327573057
38.23823823823824,102.62673022683813,38.23823823823824,-1.9032722381607239
38.27827827827827,102.9059237936175,38.27827827827827,-1.9206871673084376
38.31831831831831,103.17694944011888,38.31831831831831,-1.9386190868496826
38.35835835835836,103.44009074874707,38.35835835835836,-1.9570851445395043
38.3983983983984,103.69561559908684,38.3983983983984,-1.9761037161285901
38.43843843843844,103.94377706853278,38.43843843843844,-1.9956944649103738
38.47847847847848,104.18481425600045,38.47847847847848,-2.015878409028995
38.51851851851852,104.41895303442418,38.51851851851852,-2.036677997008513
38.55855855855856,104.64640673845659,38.55855855855856,-2.0581171921545223
38.59859859859859,104.86737679192282,38.59859859859859,-2.080221566515986
38.63863863863863,105.08205327738494,38.63863863863863,-2.103018405075113
38.67867867867868,105.29061545337666,38.67867867867868,-2.126536821224212
38.71871871871872,105.49323222236075,38.71871871871872,-2.1508078846067384
38.75875875875876,105.69006254782005,38.75875875875876,-2.1758647621684397
38.7987987987988,105.8812558301218,38.7987987987988,-2.2017428744377106
38.83883883883884,106.06695223524005,38.83883883883884,-2.2284800679622614
38.87887887887888,106.24728298208191,38.87887887887888,-2.2561168060784667
38.91891891891891,106.42237058817672,38.91891891891891,-2.2846963799841893
38.95895895895895,106.59232907384798,38.95895895895895,-2.3142651424314935
38.998998998999,106.75726412361031,38.998998998999,-2.344872766564306
39.03903903903904,106.91727320854167,39.03903903903904,-2.3765725334749317
39.07907907907908,107.07244566292407,39.07907907907908,-2.4094216513386892
39.11911911911912,107.22286271797631,39.11911911911912,-2.443481610685931
39.15915915915916,107.36859748896005,39.15915915915916,-2.478818580305366
39.19919919919919,107.50971491245264,39.19919919919919,-2.5155038490953503
39.23923923923923,107.64627163129232,39.23923923923923,-2.5536143202480917
39.27927927927927,107.77831582255511,39.27927927927927,-2.5932330649858635
39.31931931931932,107.90588696251214,39.31931931931932,-2.634449944155594
39.35935935935936,108.02901552256984,39.35935935935936,-2.67736230758127
39.3993993993994,108.14772258886222,39.3993993993994,-2.7220757827931523
39.43943943943944,108.26201939450561,39.43943943943944,-2.7687051663373854
39.47947947947948,108.37190675436878,39.47947947947948,-2.8173754337925017
39.51951951951951,108.47737438819689,39.51951951951951,-2.8682228871965223
39.55955955955955,108.57840011468295,39.55955955955955,-2.921396461913263
39.5995995995996,108.67494889751693,39.5995995995996,-2.977059219626737
39.63963963963964,108.76697171867798,39.63963963963964,-3.0353900589404184
39.67967967967968,108.85440424899191,39.67967967967968,-3.096585681246715
39.71971971971972,108.9371652810483,39.71971971971972,-3.1608628576788402
39.75975975975976,109.01515488042068,39.75975975975976,-3.228461052177453
39.7997997997998,109.08825220081629,39.7997997997998,-3.299645467322575
39.83983983983983,109.15631289803474,39.83983983983983,-3.3747105949726857
39.87987987987987,109.21916606030517,39.87987987987987,-3.4539843717999164
39.91991991991992,109.27661055239003,39.91991991991992,-3.5378330630684096
39.95995995995996,109.32841064659885,39.95995995995996,-3.6266670284909672
40.0,109.37429077858519,40.0,-3.7209475611680385
