00,α0d00,Frequency [GHz]10,Transmission10
0.0,-4.5118517839363676e-14,0.0,-0.016375534934391808
0.04004004004004004,-7.303351367859526e-11,0.04004004004004004,-0.009921948207613947
0.08008008008008008,-2.6840896961744517e-10,0.08008008008008008,-0.03925685492933867
0.1201201201201201,-5.725488907940469e-10,0.1201201201201201,-0.08678617824528749
0.16016016016016016,-9.789188934376394e-10,0.16016016016016016,-0.1506304672287048
0.2002002002002002,-1.4817187485248906e-09,0.2002002002002002,-0.22842814405390538
0.2402402402402402,-2.0774106438690816e-09,0.2402402402402402,-0.3175376941871683
0.2802802802802803,-2.75857669557655e-09,0.2802802802802803,-0.4152252384286537
0.3203203203203203,-3.5352587401173197e-09,0.3203203203203203,-0.5188291185272186
0.36036036036036034,-4.3924144018342535e-09,0.36036036036036034,-0.6258570995758002
0.4004004004004004,-5.332228756776707e-09,0.4004004004004004,-0.7340718628367611
0.4404404404404404,-6.3528583811355425e-09,0.4404404404404404,-0.8415155683804759
0.4804804804804804,-7.452629991515524e-09,0.4804804804804804,-0.9465159601492322
0.5205205205205206,-8.630010188765979e-09,0.5205205205205206,-1.0476721043727646
0.5605605605605606,-9.883582509268028e-09,0.5605605605605606,-1.1438291629967765
0.6006006006006006,-1.121202961654629e-08,0.6006006006006006,-1.2340481335076858
0.6406406406406406,-1.2614119204422685e-08,0.6406406406406406,-1.3175745854773548
0.6806806806806807,-1.4088692645680996e-08,0.6806806806806807,-1.3938088993332376
0.7207207207207207,-1.5634655721956184e-08,0.7207207207207207,-1.4622793961919225
0.7607607607607608,-1.7250970956339635e-08,0.7607607607607608,-1.5226189559199965
0.8008008008008008,-1.8936651189970866e-08,0.8008008008008008,-1.5745452356669256
0.8408408408408408,-2.0690754162273504e-08,0.8408408408408408,-1.617844359791212
0.8808808808808808,-2.251237787925461e-08,0.8808808808808808,-1.6523577768045454
0.9209209209209208,-2.4400656641278458e-08,0.9209209209209208,-1.6779719798450636
0.9609609609609608,-2.6354757587582062e-08,0.9609609609609608,-1.6946107650786948
1.001001001001001,-2.8373877713446974e-08,1.001001001001001,-1.702229783271581
1.0410410410410411,-3.045724120582834e-08,1.0410410410410411,-1.700813157619295
1.0810810810810811,-3.253823469408728e-08,1.0810810810810811,-1.690358431532018
1.1211211211211212,-3.481371740663062e-08,1.1211211211211212,-1.670945176968339
1.1611611611611612,-3.7085153820694315e-08,1.1611611611611612,-1.6426009984181456
1.2012012012012012,-3.9418193175009105e-08,1.2012012012012012,-1.6054423750081417
1.2412412412412412,-4.1811934890918204e-08,1.2412412412412412,-1.5596126895369609
1.2812812812812813,-4.42657252675089e-08,1.2812812812812813,-1.5053048790155479
1.3213213213213213,-4.677892592969639e-08,1.3213213213213213,-1.4427728396865505
1.3613613613613613,-4.93509127394239e-08,1.3613613613613613,-1.372345785804694
1.4014014014014013,-5.198107479761392e-08,1.4014014014014013,-1.2944458020117258
1.4414414414414414,-5.466881352368398e-08,1.4414414414414414,-1.209608788467937
1.4814814814814814,-5.741354181884069e-08,1.4814814814814814,-1.1185087839430217
1.5215215215215216,-6.021468329794286e-08,1.5215215215215216,-1.0219853065448734
1.5615615615615617,-6.307167156632847e-08,1.5615615615615617,-0.921072766250649
1.6016016016016017,-6.598394956611192e-08,1.6016016016016017,-0.8170300523588038
1.6416416416416417,-6.89509689643755e-08,1.6416416416416417,-0.7113671776153606
1.6816816816816815,-7.19721895821879e-08,1.6816816816816815,-0.6058642276444716
1.7217217217217216,-7.50470788536754e-08,1.7217217217217216,-0.5025760685895462
1.7617617617617616,-7.817511134424984e-08,1.7617617617617616,-0.40381463944101975
1.8018018018018016,-8.135576827942795e-08,1.8018018018018016,-0.3121000686190673
1.8418418418418416,-8.45886832475019e-08,1.8418418418418416,-0.23007312446169978
1.8818818818818817,-8.787304607731409e-08,1.8818818818818817,-0.16036533970919542
1.9219219219219217,-9.120851282566107e-08,1.9219219219219217,-0.1054322597195537
1.961961961961962,-9.45945872767899e-08,1.961961961961962,-0.06736350764299978
2.002002002002002,-9.80307778992431e-08,2.002002002002002,-0.04769605153245846
2.042042042042042,-1.015165975362309e-07,2.042042042042042,-0.047262059951473374
2.0820820820820822,-1.0505156307944217e-07,2.0820820820820822,-0.06610140314811676
2.1221221221221223,-1.086351951560692e-07,2.1221221221221223,-0.10345749527444306
2.1621621621621623,-1.1226701786007457e-07,2.1621621621621623,-0.15785740975377907
2.2022022022022023,-1.159465584625263e-07,2.2022022022022023,-0.2272590417191433
2.2422422422422423,-1.1967334713848044e-07,2.2422422422422423,-0.30923602560453634
2.2822822822822824,-1.234469167140097e-07,2.2822822822822824,-0.4011684160485026
2.3223223223223224,-1.272668024180024e-07,2.3223223223223224,-0.5004128260891607
2.3623623623623624,-1.3113254162469155e-07,2.3623623623623624,-0.6044359963702046
2.4024024024024024,-1.3504367362088352e-07,2.4024024024024024,-0.7109064181820747
2.4424424424424425,-1.3899973937317293e-07,2.4424424424424425,-0.8177466767356767
2.4824824824824825,-1.430002812866603e-07,2.4824824824824825,-0.923153775808184
2.5225225225225225,-1.4704484298880282e-07,2.5225225225225225,-1.0255962547494837
2.5625625625625625,-1.5113296908881625e-07,2.5625625625625625,-1.1237963224113803
2.6026026026026026,-1.552642049570805e-07,2.6026026026026026,-1.2167037639759029
2.6426426426426426,-1.59438096504762e-07,2.6426426426426426,-1.3034665245504113
2.6826826826826826,-1.6365418994188747e-07,2.6826826826826826,-1.3834012362001538
2.7227227227227226,-1.679120315556382e-07,2.7227227227227226,-1.455965690244878
2.7627627627627627,-1.7221116747979438e-07,2.7627627627627627,-1.5207342694861523
2.8028028028028027,-1.765511434422245e-07,2.8028028028028027,-1.5773767509070848
2.8428428428428427,-1.8093150455948323e-07,2.8428428428428427,-1.6256405316842404
2.8828828828828827,-1.8535179502101034e-07,2.8828828828828827,-1.66533604499941
2.9229229229229228,-1.8981155788486712e-07,2.9229229229229228,-1.6963251665086205
2.962962962962963,-1.9431033479101907e-07,2.962962962962963,-1.7185122500972583
3.0030030030030033,-1.9884766566380374e-07,3.0030030030030033,-1.7318375520883484
3.0430430430430433,-2.034230884429537e-07,3.0430430430430433,-1.7362728185744427
3.0830830830830833,-2.0803613875748205e-07,3.0830830830830833,-1.7318188600394724
3.1231231231231233,-2.1268634959318482e-07,3.1231231231231233,-1.7185050245107112
3.1631631631631634,-2.173732509437175e-07,3.1631631631631634,-1.6963905356477915
3.2032032032032034,-2.220963694464929e-07,3.2032032032032034,-1.6655677303546073
3.2432432432432434,-2.268552279647483e-07,3.2432432432432434,-1.6261673041233526
3.2832832832832834,-2.31649345159001e-07,3.2832832832832834,-1.578365720409791
3.323323323323323,-2.3647823502840368e-07,3.323323323323323,-1.5223949928974752
3.363363363363363,-2.413414063792956e-07,3.363363363363363,-1.4585550930200926
3.403403403403403,-2.462383622934693e-07,3.403403403403403,-1.3872291963551497
3.443443443443443,-2.5116859949945503e-07,3.443443443443443,-1.3089019725522764
3.483483483483483,-2.561316077117812e-07,3.483483483483483,-1.224180928258563
3.523523523523523,-2.611268688984059e-07,3.523523523523523,-1.1338205673002466
3.563563563563563,-2.6615385646233387e-07,3.563563563563563,-1.0387486654571958
3.603603603603603,-2.7121203431494916e-07,3.603603603603603,-0.9400932538230955
3.6436436436436432,-2.763008559024014e-07,3.6436436436436432,-0.8392078531936329
3.6836836836836833,-2.8141976305605344e-07,3.6836836836836833,-0.7376912913370809
3.7237237237237233,-2.8656818471550793e-07,3.7237237237237233,-0.637396825224979
3.7637637637637633,-2.9174553553332054e-07,3.7637637637637633,-0.5404238312110896
3.8038038038038033,-2.969512142502416e-07,3.8038038038038033,-0.44908447047470046
3.8438438438438434,-3.021846586400345e-07,3.8438438438438434,-0.36583808034016374
3.883883883883884,-3.074451154908887e-07,3.883883883883884,-0.2931885243939652
3.923923923923924,-3.1273198146446147e-07,3.923923923923924,-0.23354572399972773
3.963963963963964,-3.1804457077967674e-07,3.963963963963964,-0.18905997428850857
4.004004004004004,-3.233821697223448e-07,4.004004004004004,-0.1614478528947294
4.044044044044044,-3.277845198024188e-07,4.044044044044044,-0.15139715899814732
4.084084084084084,-3.3315889205604563e-07,4.084084084084084,-0.16020517890986125
4.124124124124124,-3.395373892870661e-07,4.124124124124124,-0.18756341535915907
4.1641641641641645,-3.4496719386812235e-07,4.1641641641641645,-0.23155018446033432
4.2042042042042045,-3.5041787423836725e-07,4.2042042042042045,-0.2909661306749901
4.2442442442442445,-3.558884509468783e-07,4.2442442442442445,-0.3637123953244262
4.2842842842842845,-3.6137787564087184e-07,4.2842842842842845,-0.44740644757307996
4.324324324324325,-3.6688502053080856e-07,4.324324324324325,-0.5395501854309614
4.364364364364365,-3.7240866588011e-07,4.364364364364365,-0.6376730580732114
4.404404404404405,-3.779474850684034e-07,4.404404404404405,-0.7394398384107055
4.444444444444445,-3.835000267452557e-07,4.444444444444445,-0.8427212193554343
4.484484484484485,-3.89064693315374e-07,4.484484484484485,-0.945631247770671
4.524524524524525,-3.946397149338812e-07,4.524524524524525,-1.0465386527659717
4.564564564564565,-4.0022311789228134e-07,4.564564564564565,-1.1440597462476263
4.604604604604605,-4.058126859329337e-07,4.604604604604605,-1.2370397769334982
4.644644644644645,-4.1140591263878084e-07,4.644644644644645,-1.3245282041036777
4.684684684684685,-4.1699994253441806e-07,4.684684684684685,-1.4057518412190697
4.724724724724725,-4.225914976543541e-07,4.724724724724725,-1.4800884271744352
4.764764764764765,-4.281767852651818e-07,4.764764764764765,-1.5470421365937326
4.804804804804805,-4.337513812570327e-07,4.804804804804805,-1.606221884000906
4.844844844844845,-4.3931008136073504e-07,4.844844844844845,-1.6573226578075575
4.884884884884885,-4.448467097145463e-07,4.884884884884885,-1.700109895974792
4.924924924924925,-4.5035387032194506e-07,4.924924924924925,-1.7344067503595175
4.964964964964965,-4.5582262095885426e-07,4.964964964964965,-1.7600839832339585
5.005005005005005,-4.6124204078359606e-07,5.005005005005005,-1.7770522655383747
5.045045045045045,-4.6659865011151685e-07,5.045045045045045,-1.7852566395626148
5.085085085085085,-4.718717261402905e-07,5.085085085085085,-1.7846720756976278
5.125125125125125,-4.770478036239089e-07,5.125125125125125,-1.7753053282015017
5.165165165165165,-4.820957670969976e-07,5.165165165165165,-1.757189680149397
5.205205205205205,-4.869802765515097e-07,5.205205205205205,-1.7303903123810813
5.245245245245245,-4.916547273791164e-07,5.245245245245245,-1.695006998549831
5.285285285285285,-4.960565958231919e-07,5.285285285285285,-1.6511794979509509
5.325325325325325,-5.001003809721556e-07,5.325325325325325,-1.5990948088126034
5.365365365365365,-5.036666152826732e-07,5.365365365365365,-1.5389963022932716
5.405405405405405,-5.065842306469317e-07,5.405405405405405,-1.4711946102978994
5.445445445445445,-5.086012660352542e-07,5.445445445445445,-1.3960799101685406
5.485485485485485,-5.093342122891283e-07,5.485485485485485,-1.3141346616904301
5.525525525525525,-5.081761681026507e-07,5.525525525525525,-1.2259448176097671
5.565565565565565,-5.04120620557671e-07,5.565565565565565,-1.1322053677562405
5.605605605605605,-4.953992002588829e-07,5.605605605605605,-1.0337114806582166
5.645645645645645,-4.786701087803051e-07,5.645645645645645,-0.9313159461319869
5.685685685685685,-4.4698674315834857e-07,5.685685685685685,-0.8258060600227115
5.7257257257257255,-3.8389598084264624e-07,5.7257257257257255,-0.7175694202403825
5.7657657657657655,-2.4221041066389707e-07,5.7657657657657655,-0.6056077912939222
5.8058058058058055,1.6327299772822892e-07,5.8058058058058055,-0.48393142244173093
5.8458458458458455,2.2225384443987886e-06,5.8458458458458455,-0.3215020286276724
5.885885885885886,0.002221047843098564,5.885885885885886,-2.586930333088952
5.925925925925926,3.5554842776970748e-06,5.925925925925926,-0.6357229568673967
5.965965965965966,3.2689205192634177e-07,5.965965965965966,-0.4333849155513591
6.0060060060060065,-2.1076927917969106e-07,6.0060060060060065,-0.3555368910422433
6.046046046046047,-3.9664885124346015e-07,6.046046046046047,-0.3179905132839589
6.086086086086087,-4.84741839345789e-07,6.086086086086087,-0.306945133580557
6.126126126126127,-5.350767585775426e-07,6.126126126126127,-0.3178987356501729
6.166166166166167,-5.677733413371857e-07,6.166166166166167,-0.3483015015628807
6.206206206206207,-5.911261901903856e-07,6.206206206206207,-0.3959236312315402
6.246246246246247,-6.090645087911519e-07,6.246246246246247,-0.45843857545011646
6.286286286286287,-6.236459928418443e-07,6.286286286286287,-0.533370235640712
6.326326326326327,-6.360334158820257e-07,6.326326326326327,-0.6181633286988173
6.366366366366367,-6.469242992263296e-07,6.366366366366367,-0.7102859505624117
6.406406406406407,-6.567577250317824e-07,6.406406406406407,-0.8073245235758622
6.446446446446447,-6.658212724386272e-07,6.446446446446447,-0.9070547196545766
6.486486486486487,-6.743096447149664e-07,6.486486486486487,-1.0074846097308972
6.526526526526527,-6.823584192814551e-07,6.526526526526527,-1.106872884723422
6.566566566566567,-6.900642973138062e-07,6.566566566566567,-1.2037278383963965
6.606606606606607,-6.974976924048362e-07,6.606606606606607,-1.296793186389066
6.646646646646646,-7.047108021194463e-07,6.646646646646646,-1.3850262440666203
6.686686686686686,-7.117429249588842e-07,6.686686686686686,-1.4675725536363662
6.726726726726726,-7.186240476944085e-07,6.726726726726726,-1.5437399267349259
6.766766766766766,-7.253773178694713e-07,6.766766766766766,-1.612973791428509
6.806806806806806,-7.32020780691491e-07,6.806806806806806,-1.674834859971933
6.846846846846846,-7.38568620459114e-07,6.846846846846846,-1.728979660254377
6.886886886886886,-7.450320617398941e-07,6.886886886886886,-1.7751440337562652
6.926926926926926,-7.514200329076593e-07,6.926926926926926,-1.81312953640253
6.966966966966966,-7.577396611565894e-07,6.966966966966966,-1.8427925669367295
7.007007007007006,-7.639966461028651e-07,7.007007007007006,-1.8640359817109382
7.047047047047046,-7.701955449156898e-07,7.047047047047046,-1.8768029970215823
7.087087087087086,-7.763399921267042e-07,7.087087087087086,-1.881073193736647
7.127127127127126,-7.824328706569693e-07,7.127127127127126,-1.8768604845073837
7.167167167167166,-7.884764460144161e-07,7.167167167167166,-1.8642129639729366
7.207207207207206,-7.944724724942131e-07,7.207207207207206,-1.843214612025506
7.2472472472472464,-8.004222777542331e-07,7.2472472472472464,-1.81398887997327
7.2872872872872865,-8.06326830749915e-07,7.2872872872872865,-1.7767042205161878
7.3273273273273265,-8.121867965282152e-07,7.3273273273273265,-1.731581682058332
7.3673673673673665,-8.180025807467376e-07,7.3673673673673665,-1.678904689835283
7.4074074074074066,-8.237743660335375e-07,7.4074074074074066,-1.6190311292466069
7.447447447447447,-8.295021418193785e-07,7.447447447447447,-1.5524077990008742
7.487487487487487,-8.351857288859126e-07,7.487487487487487,-1.4795871940124627
7.527527527527527,-8.408247997351826e-07,7.527527527527527,-1.4012463283654186
7.567567567567567,-8.464188954213732e-07,7.567567567567567,-1.3182070357012752
7.607607607607607,-8.519674396392589e-07,7.607607607607607,-1.2314565915020321
7.647647647647647,-8.574697504206319e-07,7.647647647647647,-1.142166901311085
7.687687687687687,-8.629250499255685e-07,7.687687687687687,-1.0517095401131884
7.727727727727728,-8.683324726303787e-07,7.727727727727728,-0.9616629454390426
7.767767767767768,-8.736910721906599e-07,7.767767767767768,-0.8738070721782469
7.807807807807808,-8.789998271343342e-07,7.807807807807808,-0.7901002011469106
7.847847847847848,-8.842576456517077e-07,7.847847847847848,-0.7126326760328734
7.887887887887888,-8.89463369513452e-07,7.887887887887888,-0.6435538990029566
7.927927927927928,-8.946157773622419e-07,7.927927927927928,-0.5849720824632455
7.967967967967968,-8.997135873584257e-07,7.967967967967968,-0.5388314276784872
8.008008008008009,-9.047554593109158e-07,8.008008008008009,-0.5067775482115926
8.048048048048049,-9.097399963887108e-07,8.048048048048049,-0.4900277180849413
8.088088088088089,-9.146657463966756e-07,8.088088088088089,-0.4892656342669417
8.128128128128129,-9.195312027223757e-07,8.128128128128129,-0.5045788967448588
8.168168168168169,-9.243348049728286e-07,8.168168168168169,-0.5354509002254675
8.208208208208209,-9.290749393037765e-07,8.208208208208209,-0.5808086969930621
8.248248248248249,-9.337499385152041e-07,8.248248248248249,-0.6391177807274144
8.288288288288289,-9.383580819021528e-07,8.288288288288289,-0.7085069463696674
8.328328328328329,-9.428975948696117e-07,8.328328328328329,-0.7869034385471234
8.368368368368369,-9.473666483712263e-07,8.368368368368369,-0.8721605755276136
8.408408408408409,-9.517633580831365e-07,8.408408408408409,-0.962165201805043
8.448448448448449,-9.56085783515798e-07,8.448448448448449,-1.0549187098182187
8.488488488488489,-9.60331926761187e-07,8.488488488488489,-1.1485906907048822
8.528528528528529,-9.64499731195118e-07,8.528528528528529,-1.2415483223651351
8.568568568568569,-9.685870799271612e-07,8.568568568568569,-1.332366336799041
8.608608608608609,-9.725917940883603e-07,8.608608608608609,-1.4198230083283394
8.64864864864865,-9.765116308893193e-07,8.64864864864865,-1.5028870521299285
8.68868868868869,-9.803442815313783e-07,8.68868868868869,-1.5806994751432477
8.72872872872873,-9.840873688606163e-07,8.72872872872873,-1.652553305542981
8.768768768768767,-9.877384448107613e-07,8.768768768768767,-1.7178732703327058
8.80880880880881,-9.912949876311012e-07,8.80880880880881,-1.776196703929796
8.848848848848847,-9.947543988484417e-07,8.848848848848847,-1.8271564155932005
8.88888888888889,-9.981139999535671e-07,8.88888888888889,-1.8704658618536707
8.928928928928928,-1.0013710288184945e-06,8.928928928928928,-1.905906740840647
8.96896896896897,-1.0045226357692765e-06,8.96896896896897,-1.9333189568765108
9.009009009009008,-1.007565879329749e-06,9.009009009009008,-1.9525928628688862
9.04904904904905,-1.0104977215969748e-06,9.04904904904905,-1.9636636464651311
9.089089089089088,-1.0133150231603476e-06,9.089089089089088,-1.9665077427189521
9.12912912912913,-1.0160145376132516e-06,9.12912912912913,-1.9611411885144114
9.169169169169168,-1.0185929054966e-06,9.169169169169168,-1.9476198637617612
9.20920920920921,-1.021046647730955e-06,9.20920920920921,-1.9260416089046752
9.249249249249248,-1.0233721583740576e-06,9.249249249249248,-1.8965502491534507
9.28928928928929,-1.0255656966808892e-06,9.28928928928929,-1.8593415852452886
9.329329329329328,-1.027623378375953e-06,9.329329329329328,-1.8146714266061768
9.36936936936937,-1.0295411660272936e-06,9.36936936936937,-1.7628657401578363
9.409409409409408,-1.0313148584128583e-06,9.409409409409408,-1.7043329431748266
9.44944944944945,-1.0329400787386896e-06,9.44944944944945,-1.6395782793153455
9.489489489489488,-1.0344122615662654e-06,9.489489489489488,-1.5692200414343673
9.52952952952953,-1.0357266382634818e-06,9.52952952952953,-1.4940071302602542
9.569569569569568,-1.0368782207873743e-06,9.569569569569568,-1.4148370328097717
9.60960960960961,-1.0378617835175505e-06,9.60960960960961,-1.3327727715207218
9.649649649649648,-1.0386718429111373e-06,9.649649649649648,-1.2490566136255141
9.68968968968969,-1.0393026345822043e-06,9.68968968968969,-1.1651175772732383
9.729729729729728,-1.0397480874877775e-06,9.729729729729728,-1.0825688702155367
9.76976976976977,-1.040001794688425e-06,9.76976976976977,-1.0031908863828318
9.809809809809808,-1.0400569801644055e-06,9.809809809809808,-0.9288952753400801
9.84984984984985,-1.0399064610523657e-06,9.84984984984985,-0.8616665610121038
9.889889889889888,-1.0395426044806488e-06,9.889889889889888,-0.8034801084738916
9.92992992992993,-1.038957278120243e-06,9.92992992992993,-0.7561989652314374
9.969969969969968,-1.0381417932869364e-06,9.969969969969968,-0.7214571175284878
10.01001001001001,-1.0370868392634925e-06,10.01001001001001,-0.7005416437686025
10.050050050050048,-1.035782407224112e-06,10.050050050050048,-0.694289755910439
10.09009009009009,-1.034217701715071e-06,10.09009009009009,-0.7030170134133074
10.130130130130128,-1.0323810373312307e-06,10.130130130130128,-0.7264891702904566
10.17017017017017,-1.030259717531832e-06,10.17017017017017,-0.7639427916819748
10.210210210210208,-1.027839891957539e-06,10.210210210210208,-0.8141508675322555
10.25025025025025,-1.0251063876653716e-06,10.25025025025025,-0.8755219113577872
10.29029029029029,-1.0220425086000925e-06,10.29029029029029,-0.9462166141039169
10.33033033033033,-1.0186297961406769e-06,10.33033033033033,-1.024265704251439
10.37037037037037,-1.0148477417837006e-06,10.37037037037037,-1.1076759140716859
10.41041041041041,-1.0106734405191352e-06,10.41041041041041,-1.1945156451619652
10.45045045045045,-1.0060811703640603e-06,10.45045045045045,-1.2829771027302848
10.49049049049049,-1.0010418793664428e-06,10.49049049049049,-1.3714155967200696
10.53053053053053,-9.955225558318844e-07,10.53053053053053,-1.458369288802107
10.57057057057057,-9.894854502451745e-07,10.57057057057057,-1.5425637669368462
10.61061061061061,-9.828871073079256e-07,10.61061061061061,-1.6229059092387916
10.65065065065065,-9.75677153053963e-07,10.65065065065065,-1.6984709994959206
10.69069069069069,-9.677967632717261e-07,10.69069069069069,-1.7684861995997359
10.73073073073073,-9.591767135479039e-07,10.73073073073073,-1.8323127108112858
10.77077077077077,-9.497348747658377e-07,10.77077077077077,-1.8894281785281744
10.81081081081081,-9.393729659048361e-07,10.81081081081081,-1.9394103291155713
10.85085085085085,-9.279723010178695e-07,10.85085085085085,-1.9819224169245424
10.89089089089089,-9.153881576251695e-07,10.89089089089089,-2.016700729401964
10.93093093093093,-9.014422309467241e-07,10.93093093093093,-2.043544249100282
10.97097097097097,-8.859123923030425e-07,10.97097097097097,-2.06230643822222
11.01101101101101,-8.685185923050639e-07,11.01101101101101,-2.0728890607508528
11.05105105105105,-8.489031565909804e-07,11.05105105105105,-2.075237948230886
11.09109109109109,-8.266027729878769e-07,11.09109109109109,-2.069340600721275
11.13113113113113,-8.010079128616988e-07,11.13113113113113,-2.055225529308115
11.17117117117117,-7.713028089940217e-07,11.17117117117117,-2.032963240048803
11.21121121121121,-7.363745716172003e-07,11.21121121121121,-2.002668742530039
11.25125125125125,-6.946718893410158e-07,11.25125125125125,-1.964505391279947
11.29129129129129,-6.439786419116904e-07,11.29129129129129,-1.9186897189117833
11.33133133133133,-5.810384333460646e-07,11.33133133133133,-1.8654966202058996
11.37137137137137,-5.009063638119777e-07,11.37137137137137,-1.805263617804827
11.411411411411411,-3.957757382312861e-07,11.411411411411411,-1.7383917584541642
11.451451451451451,-2.527309849092779e-07,11.451451451451451,-1.6653381616233707
11.491491491491491,-4.913733409972563e-08,11.491491491491491,-1.5865897477640751
11.531531531531531,2.576671211737677e-07,11.531531531531531,-1.5025944532610964
11.571571571571571,7.561175976202039e-07,11.571571571571571,-1.4135906828696918
11.611611611611611,1.655065927457758e-06,11.611611611611611,-1.3191658099542678
11.651651651651651,3.5518292394740372e-06,11.651651651651651,-1.2169650652886153
11.691691691691691,8.78802031192285e-06,11.691691691691691,-1.0980319310198978
11.731731731731731,3.5187695465638096e-05,11.731731731731731,-0.9259068293226458
11.771771771771771,0.004904454802328111,11.771771771771771,-2.141439898397273
11.811811811811811,5.914077254296282e-05,11.811811811811811,-1.2242597475364438
11.851851851851851,1.1653614794010113e-05,11.851851851851851,-1.0759436891416543
11.891891891891891,4.537705342432452e-06,11.891891891891891,-0.9924807966587936
11.931931931931931,2.1999836947426705e-06,11.931931931931931,-0.940743707383671
11.971971971971971,1.1569930028251362e-06,11.971971971971971,-0.9108482499752655
12.012012012012013,6.080209693564917e-07,12.012012012012013,-0.8995006706853959
12.052052052052051,2.883465766495216e-07,12.052052052052051,-0.9051002549831121
12.092092092092093,8.976745435006206e-08,12.092092092092093,-0.9263694471834665
12.132132132132131,-3.8657717611875406e-08,12.132132132132131,-0.9619147649598703
12.172172172172173,-1.2347654549586633e-07,12.172172172172173,-1.010108294712416
12.212212212212211,-1.7962769416888548e-07,12.212212212212211,-1.069102078855149
12.252252252252253,-2.1603750398205626e-07,12.252252252252253,-1.1368993318631293
12.292292292292291,-2.383029982305166e-07,12.292292292292291,-1.2114436214741677
12.332332332332333,-2.5007455529859994e-07,12.332332332332333,-1.2907041616640202
12.372372372372372,-2.538117819432875e-07,12.372372372372372,-1.372745650209166
12.412412412412413,-2.512175498248833e-07,12.412412412412413,-1.45577816384
12.452452452452452,-2.4349781487485733e-07,12.452452452452452,-1.5381873244163144
12.492492492492493,-2.3152279834091904e-07,12.492492492492493,-1.6185475518055268
12.532532532532532,-2.1593011886975218e-07,12.532532532532532,-1.695622386560829
12.572572572572573,-1.9719259296930788e-07,12.572572572572573,-1.7683558858803026
12.612612612612612,-1.7566388489480278e-07,12.612612612612612,-1.835858601178202
12.652652652652653,-1.5160990001383996e-07,12.652652652652653,-1.8973909322031393
12.692692692692692,-1.252307851291965e-07,12.692692692692692,-1.95234585499094
12.732732732732734,-9.667660791964211e-08,12.732732732732734,-2.000232412197014
12.772772772772772,-6.60587009179963e-08,12.772772772772772,-2.040660822932057
12.812812812812814,-3.345797973310777e-08,12.812812812812814,-2.0733296962620558
12.852852852852852,1.0688845952008114e-09,12.852852852852852,-2.098015613169877
12.892892892892894,3.748483748465363e-08,12.892892892892894,-2.1145651597147754
12.932932932932932,7.57689394047592e-08,12.932932932932932,-2.1228894372360756
12.972972972972974,1.1591369745533701e-07,12.972972972972974,-2.1229610336768516
13.013013013013012,1.5792301961037487e-07,13.013013013013012,-2.1148134300826342
13.053053053053054,2.0181064076742368e-07,13.053053053053054,-2.098542842940982
13.093093093093092,2.4759890966718004e-07,13.093093093093092,-2.0743125060543814
13.133133133133134,2.953178554528785e-07,13.133133133133134,-2.0423594014817104
13.173173173173172,3.450044730075874e-07,13.173173173173172,-2.003003431158619
13.213213213213214,3.9670218171679837e-07,13.213213213213214,-1.9566589562578645
13.253253253253252,4.5046042316696996e-07,13.253253253253252,-1.903848514418729
13.293293293293292,5.06334371892965e-07,13.293293293293292,-1.8452183030756144
13.333333333333332,5.643847389050043e-07,13.333333333333332,-1.781554717353608
13.373373373373372,6.246776530693596e-07,13.373373373373372,-1.713800743706456
13.413413413413412,6.872846085293188e-07,13.413413413413412,-1.6430704186666576
13.453453453453452,7.52282469094253e-07,13.453453453453452,-1.570658818677758
13.493493493493492,8.197535231607451e-07,13.493493493493492,-1.4980442235500566
13.533533533533532,8.861388347111612e-07,13.533533533533532,-1.423262032743745
13.573573573573572,9.624721295565554e-07,13.573573573573572,-1.3589607956905383
13.613613613613612,1.0379124865437465e-06,13.613613613613612,-1.2961920909175055
13.653653653653652,1.116212044223984e-06,13.653653653653652,-1.240505622207028
13.693693693693692,1.197482510155402e-06,13.693693693693692,-1.1937761859768459
13.733733733733734,1.2818421992015494e-06,13.733733733733734,-1.1577115879517532
13.773773773773772,1.3694163592716923e-06,13.773773773773772,-1.1337364217111292
13.813813813813814,1.4603375337561564e-06,13.813813813813814,-1.1228821125023987
13.853853853853852,1.554745962149438e-06,13.853853853853852,-1.1256992329634998
13.893893893893894,1.6527900202850752e-06,13.893893893893894,-1.1422065208908563
13.933933933933933,1.7546267024166028e-06,13.933933933933933,-1.1718855920867624
13.973973973973974,1.8604221478162822e-06,13.973973973973974,-1.2137222962736531
14.014014014014013,1.970352215222926e-06,14.014014014014013,-1.2662873368470495
14.054054054054054,2.0846031066764324e-06,14.054054054054054,-1.327842579664962
14.094094094094093,2.2033720480790775e-06,14.094094094094093,-1.3964571081084165
14.134134134134134,2.326868027686382e-06,14.134134134134134,-1.4701183038639873
14.174174174174173,2.455312599627989e-06,14.174174174174173,-1.5468272564800407
14.214214214214214,2.5889407569291544e-06,14.214214214214214,-1.6246726809176604
14.254254254254253,2.7280018813438407e-06,14.254254254254253,-1.7018820667205108
14.294294294294295,2.872760776154431e-06,14.294294294294295,-1.7768520067845026
14.334334334334333,3.023498790496104e-06,14.334334334334333,-1.8481615197174026
14.374374374374375,3.1805150441854488e-06,14.374374374374375,-1.914572789343398
14.414414414414413,3.3441277619426953e-06,14.414414414414413,-1.9750235302837462
14.454454454454455,3.5146757297074664e-06,14.454454454454455,-2.028614597988236
14.494494494494493,3.6925198834639877e-06,14.494494494494493,-2.074595630503977
14.534534534534535,3.87804504689733e-06,14.534534534534535,-2.1123508279216234
14.574574574574573,4.071661830715471e-06,14.574574574574573,-2.141386304435269
14.614614614614615,4.273808713771898e-06,14.614614614614615,-2.161320046729059
14.654654654654653,4.4849543236870435e-06,14.654654654654653,-2.1718751605087143
14.694694694694695,4.705599940007209e-06,14.694694694694695,-2.1728769258878904
14.734734734734733,4.936282245006753e-06,14.734734734734733,-2.164254073499345
14.774774774774775,5.17757634989173e-06,14.774774774774775,-2.146044651410004
14.814814814814813,5.430099128658035e-06,14.814814814814813,-2.118406828697948
14.854854854854855,5.694512895187357e-06,14.854854854854855,-2.081634930078903
14.894894894894893,5.9715294656224015e-06,14.894894894894893,-2.0361808547903895
14.934934934934935,6.261914651641562e-06,14.934934934934935,-1.982680746064858
14.974974974974973,6.56649323750114e-06,14.974974974974973,-1.921986230872281
15.015015015015015,6.886154503780431e-06,15.015015015015015,-1.8551986118452202
15.055055055055053,7.221858363473796e-06,15.055055055055053,-1.7837030238497036
15.095095095095095,7.57464219343449e-06,15.095095095095095,-1.709197550298967
15.135135135135133,7.945628449210294e-06,15.135135135135133,-1.6337098674481585
15.175175175175175,8.336033171503152e-06,15.175175175175175,-1.5595913163443913
15.215215215215213,8.747175501154763e-06,15.215215215215213,-1.4894763736392833
15.255255255255255,9.180488347704414e-06,15.255255255255255,-1.426195447742942
15.295295295295293,9.637530368977309e-06,15.295295295295293,-1.372632730071568
15.335335335335335,1.0119999452038982e-05,15.335335335335335,-1.3315296702216417
15.375375375375373,1.0629747918236522e-05,15.375375375375373,-1.3052485722922114
15.415415415415415,1.1168799699368126e-05,15.415415415415415,-1.2955268413245982
15.455455455455455,1.1739369799071116e-05,15.455455455455455,-1.3032644591589937
15.495495495495495,1.2343886379368287e-05,15.495495495495495,-1.3283886654598474
15.535535535535535,1.2985015897058706e-05,15.535535535535535,-1.3698266076245864
15.575575575575575,1.3665691775702638e-05,15.575575575575575,-1.4255920236020094
15.615615615615615,1.4389147201285084e-05,15.615615615615615,-1.4929649478592808
15.655655655655655,1.5158952731826733e-05,15.655655655655655,-1.5687245347086618
15.695695695695695,1.597905954897681e-05,15.695695695695695,-1.6493903769063947
15.735735735735735,1.685384935258918e-05,15.735735735735735,-1.7314360788490046
15.775775775775776,1.778819208164131e-05,15.775775775775776,-1.811454151595495
15.815815815815816,1.878751291911748e-05,15.815815815815816,-1.886266995557702
15.855855855855856,1.9857870322493188e-05,15.855855855855856,-1.952990260941674
15.895895895895896,2.1006047233844503e-05,15.895895895895896,-2.009061335949192
15.935935935935936,2.2239658061919913e-05,15.935935935935936,-2.052247845047727
15.975975975975976,2.3567274683943722e-05,15.975975975975976,-2.080650982488996
16.016016016016017,2.499857544287199e-05,16.016016016016017,-2.092717562053286
16.056056056056054,2.6544522090911392e-05,16.056056056056054,-2.0872742380903215
16.096096096096097,2.8217570897103115e-05,16.096096096096097,-2.0635977924981352
16.136136136136134,3.003192571473406e-05,16.136136136136134,-2.021536449465042
16.176176176176178,3.200384291186624e-05,16.176176176176178,-1.9616976423655061
16.216216216216214,3.4152000773897406e-05,16.216216216216214,-1.885714349210907
16.256256256256258,3.6497949597764706e-05,16.256256256256258,-1.7965887020715194
16.296296296296294,3.9066663469763865e-05,16.296296296296294,-1.6990773050890398
16.336336336336338,4.1887221125047744e-05,16.336336336336338,-1.6000141070263254
16.376376376376374,4.499365200039845e-05,16.376376376376374,-1.5083592843004308
16.416416416416418,4.8425995456969836e-05,16.416416416416418,-1.4346517498230373
16.456456456456454,5.223163765882832e-05,16.456456456456454,-1.3895440278041573
16.496496496496498,5.6467013619624024e-05,16.496496496496498,-1.3813871165530245
16.536536536536534,6.119979475916761e-05,16.536536536536534,-1.413450803742884
16.576576576576578,6.651172936974277e-05,16.576576576576578,-1.481936637303248
16.616616616616614,7.250237241605948e-05,16.616616616616614,-1.5758159912267278
16.656656656656658,7.929404346556355e-05,16.656656656656658,-1.6785766773044681
16.696696696696694,8.703850668670323e-05,16.696696696696694,-1.7709986026107847
16.736736736736738,9.592610649708315e-05,16.736736736736738,-1.8339744562183977
16.776776776776774,0.00010619847103814908,16.776776776776774,-1.8511310889203456
16.816816816816818,0.00011816650913849271,16.816816816816818,-1.81199831992416
16.856856856856854,0.00013223644860335844,16.856856856856854,-1.7172013535577082
16.896896896896898,0.0001489484224171389,16.896896896896898,-1.5866743554440093
16.936936936936934,0.00016903524669483155,16.936936936936934,-1.4669373888622799
16.976976976976978,0.00019351487162419978,16.976976976976978,-1.4204513823195428
17.017017017017015,0.0002238413912527932,17.017017017017015,-1.4776390844114937
17.057057057057058,0.0002621631108597456,17.057057057057058,-1.5857026740392448
17.097097097097098,0.0003117885956991015,17.097097097097098,-1.6360947009181839
17.137137137137138,0.00037808847894643324,17.137137137137138,-1.5797974347326285
17.177177177177178,0.0004704031349325238,17.177177177177178,-1.537013125740487
17.217217217217218,0.00060659311300404,17.217217217217218,-1.6227631456775973
17.257257257257255,0.0008259348596789369,17.257257257257255,-1.7402203943598855
17.2972972972973,0.0012372036482952656,17.2972972972973,-2.0275876693015493
17.33733733733734,0.0023275876089056315,17.33733733733734,-2.9611670610111207
17.37737737737738,0.02974938282324773,17.37737737737738,-20.99755334979996
17.417417417417415,0.08309436429583042,17.417417417417415,-52.65898078691154
17.45745745745746,0.11036213635603684,17.45745745745746,-70.22036981983273
17.4974974974975,0.12875654235026152,17.4974974974975,-82.3722153879036
17.537537537537535,0.14172122668455361,17.537537537537535,-91.10596725393478
17.577577577577575,0.15064590245807782,17.577577577577575,-97.26181999184745
17.61761761761762,0.15621607331318055,17.61761761761762,-101.26587680691745
17.65765765765766,0.15878114032538648,17.65765765765766,-103.34102609254333
17.697697697697695,0.158485617605234,17.697697697697695,-103.58444166400075
17.737737737737735,0.15531373892620462,17.737737737737735,-101.99480286614755
17.77777777777778,0.1490848574022721,17.77777777777778,-98.4705572475205
17.81781781781782,0.13939611526532267,17.81781781781782,-92.77749612164376
17.857857857857855,0.12546209515934031,17.857857857857855,-84.45775939085644
17.897897897897895,0.10565029793182346,17.897897897897895,-72.57034564759121
17.93793793793794,0.07560706586260063,17.93793793793794,-54.6810300617078
17.97797797797798,0.010618263587959436,17.97797797797798,-17.161628858788156
18.018018018018015,0.0020913697839942814,18.018018018018015,-7.575779722342544
18.058058058058055,0.0011996970248204348,18.058058058058055,-4.989864851980378
18.0980980980981,0.0008263193928308536,18.0980980980981,-5.907186095127505
18.13813813813814,0.0006188817755804132,18.13813813813814,-3.5577345873380875
18.178178178178175,0.00048706883816271177,18.178178178178175,-4.7281560727823715
18.218218218218215,0.0003963155092250887,18.218218218218215,-4.905558875722784
18.25825825825826,0.0003303695751565986,18.25825825825826,-3.95020371714099
18.2982982982983,0.0002805419898463976,18.2982982982983,-2.8757667805809266
18.338338338338335,0.00024175663460345928,18.338338338338335,-2.869994127145186
18.378378378378375,0.0002108482634689884,18.378378378378375,-3.484503797468082
18.41841841841842,0.0001857416979729712,18.41841841841842,-3.935122075447548
18.45845845845846,0.0001650211216216702,18.45845845845846,-4.0876986634135655
18.498498498498495,0.00014768867870187897,18.498498498498495,-3.993149284547221
18.538538538538536,0.0001330218126195208,18.538538538538536,-3.7199675176960536
18.57857857857858,0.00012048520050164484,18.57857857857858,-3.3367325844399787
18.61861861861862,0.00010967436713602745,18.61861861861862,-2.920465262292053
18.658658658658656,0.0001002784421273435,18.658658658658656,-2.5605516755982505
18.698698698698696,9.205489267996797e-05,18.698698698698696,-2.34062119587691
18.73873873873874,8.481197584249813e-05,18.73873873873874,-2.2992134337899315
18.77877877877878,7.839629874400577e-05,18.77877877877878,-2.409715369872543
18.818818818818816,7.268383752402066e-05,18.818818818818816,-2.6079107119087865
18.85885885885886,6.757334681311731e-05,18.85885885885886,-2.8326824320471733
18.8988988988989,6.298145199666377e-05,18.8988988988989,-3.0439207899964815
18.93893893893894,5.883894582782651e-05,18.93893893893894,-3.2208750679944953
18.978978978978976,5.5087959928528264e-05,18.978978978978976,-3.355172332557669
19.01901901901902,5.1679780574861046e-05,19.01901901901902,-3.4451438245345396
19.05905905905906,4.8573144873771505e-05,19.05905905905906,-3.4924177733489277
19.0990990990991,4.5732899258619977e-05,19.0990990990991,-3.5001306923279243
19.139139139139136,4.3128934118469124e-05,19.139139139139136,-3.472076906314287
19.17917917917918,4.073533096287914e-05,19.17917917917918,-3.4123631145034135
19.21921921921922,3.8529674627735006e-05,19.21921921921922,-3.325328773209841
19.25925925925926,3.6492494747069216e-05,19.25925925925926,-3.2156047526031273
19.299299299299296,3.460680924294735e-05,19.299299299299296,-3.0882376508523146
19.33933933933934,3.285774893907684e-05,19.33933933933934,-2.948827802183023
19.37937937937938,3.1232247116797906e-05,19.37937937937938,-2.803629173564863
19.41941941941942,2.9718781403271274e-05,19.41941941941942,-2.6595491432748175
19.459459459459456,2.8307158078860317e-05,19.459459459459456,-2.523977693104263
19.4994994994995,2.6988330974590975e-05,19.4994994994995,-2.404386514438582
19.53953953953954,2.5754248723686406e-05,19.53953953953954,-2.30768806696742
19.57957957957958,2.459772537481567e-05,19.57957957957958,-2.2394379726404385
19.619619619619616,2.3512330342693576e-05,19.619619619619616,-2.2030709323882034
19.65965965965966,2.2492294461384354e-05,19.65965965965966,-2.1994132857860125
19.6996996996997,2.153242946608411e-05,19.6996996996997,-2.2266535773533525
19.73973973973974,2.0628058757425974e-05,19.73973973973974,-2.2807874714612693
19.779779779779776,1.9774957664310446e-05,19.779779779779776,-2.3563784745752954
19.81981981981982,1.8969301735046427e-05,19.81981981981982,-2.447393491945264
19.85985985985986,1.820762184446276e-05,19.85985985985986,-2.5479088125929668
19.8998998998999,1.7486765101409896e-05,19.8998998998999,-2.6525850137404317
19.939939939939936,1.6803860715316424e-05,19.939939939939936,-2.7569077264431248
19.97997997997998,1.6156290109549908e-05,19.97997997997998,-2.857247587538016
20.02002002002002,1.5541660687743656e-05,20.02002002002002,-2.950807018935176
20.06006006006006,1.4957782748880807e-05,20.06006006006006,-3.035511234756169
20.100100100100097,1.4402649125470554e-05,20.100100100100097,-3.1098826662713126
20.14014014014014,1.3874417181513818e-05,20.14014014014014,-3.1729213212238347
20.18018018018018,1.3371392864486905e-05,20.18018018018018,-3.2240016492363637
20.22022022022022,1.2892016542963205e-05,20.22022022022022,-3.26278927422252
20.260260260260257,1.2434850407827894e-05,20.260260260260257,-3.289177087919701
20.3003003003003,1.1998567242623576e-05,20.3003003003003,-3.3032385746973096
20.34034034034034,1.1581940391808786e-05,20.34034034034034,-3.3051957827831564
20.38038038038038,1.1183834788060405e-05,20.38038038038038,-3.2953994570918033
20.420420420420417,1.0803198908482768e-05,20.420420420420417,-3.274319218606162
20.46046046046046,1.0439057554717177e-05,20.46046046046046,-3.2425420235747153
20.5005005005005,1.0090505359983386e-05,20.5005005005005,-3.200777413350302
20.54054054054054,9.75670094284899e-06,20.54054054054054,-3.1498681965036046
20.58058058058058,9.436861633852194e-06,20.58058058058058,-3.0908051235932636
20.62062062062062,9.130258714638677e-06,20.62062062062062,-3.0247438480607007
20.66066066066066,8.836213111250782e-06,20.66066066066066,-2.9530218859185515
20.7007007007007,8.554091496764185e-06,20.7007007007007,-2.877172568216305
20.74074074074074,8.283302757794084e-06,20.74074074074074,-2.798931971122924
20.78078078078078,8.023294789401888e-06,20.78078078078078,-2.7202339040160215
20.82082082082082,7.773551584041877e-06,20.82082082082082,-2.643187341151253
20.86086086086086,7.5335905867358714e-06,20.86086086086086,-2.57003083739644
20.9009009009009,7.3029602892715414e-06,20.9009009009009,-2.503059868821047
20.94094094094094,7.081238042420772e-06,20.94094094094094,-2.4445263582858594
20.98098098098098,6.868028064173099e-06,20.98098098098098,-2.396514748006814
21.02102102102102,6.662959628265033e-06,21.02102102102102,-2.36080543644508
21.06106106106106,6.465685415631573e-06,21.06106106106106,-2.3387423401193304
21.1011011011011,6.275880016528863e-06,21.1011011011011,-2.3311247493806304
21.14114114114114,6.0932385699020986e-06,21.14114114114114,-2.3381423291296892
21.18118118118118,5.917475530835877e-06,21.18118118118118,-2.359365582404705
21.22122122122122,5.748323555666932e-06,21.22122122122122,-2.3937937273709187
21.26126126126126,5.585532498264458e-06,21.26126126126126,-2.439950959741092
21.3013013013013,5.428868509865185e-06,21.3013013013013,-2.4960139351850663
21.34134134134134,5.278113237774246e-06,21.34134134134134,-2.5599501609187394
21.38138138138138,5.133063118263701e-06,21.38138138138138,-2.629648929815121
21.42142142142142,4.9935287612956104e-06,21.42142142142142,-2.7030317574280667
21.46146146146146,4.8593344236570225e-06,21.46146146146146,-2.7781358142587456
21.501501501501497,4.730317572148798e-06,21.501501501501497,-2.8531694380482886
21.54154154154154,4.606328535019383e-06,21.54154154154154,-2.9265428717469204
21.58158158158158,4.487230244853632e-06,21.58158158158158,-2.9968792790126892
21.62162162162162,4.3728980764125985e-06,21.62162162162162,-3.0630116007786796
21.661661661661658,4.26321978415356e-06,21.661661661661658,-3.1239703466487114
21.7017017017017,4.158095547283393e-06,21.7017017017017,-3.1789664243483697
21.74174174174174,4.0574381315102576e-06,21.74174174174174,-3.2273720880970957
21.78178178178178,3.961173180318852e-06,21.78178178178178,-3.268702108516497
21.821821821821818,3.869239651446785e-06,21.821821821821818,-3.302596513410972
21.86186186186186,3.781590418775512e-06,21.86186186186186,-3.3288056714221814
21.9019019019019,3.6981930643100944e-06,21.9019019019019,-3.347178116187931
21.94194194194194,3.6189843089502564e-06,21.94194194194194,-3.357632943952089
21.981981981981978,3.544058746449835e-06,21.981981981981978,-3.3602265424651874
22.02202202202202,3.4733874867708993e-06,22.02202202202202,-3.355039079087177
22.06206206206206,3.4070099467517316e-06,22.06206206206206,-3.342246734035557
22.1021021021021,3.3449884817775104e-06,22.1021021021021,-3.322104705968351
22.142142142142138,3.2874113341631664e-06,22.142142142142138,-3.29495079389312
22.18218218218218,3.234396250287753e-06,22.18218218218218,-3.261210918927686
22.22222222222222,3.186094923906483e-06,22.22222222222222,-3.2214062182421115
22.26226226226226,3.142698467573958e-06,22.26226226226226,-3.1761611859175276
22.302302302302305,3.1044441731907166e-06,22.302302302302305,-3.1262121500044997
22.34234234234234,3.0716239009668037e-06,22.34234234234234,-3.07241509091408
22.38238238238238,3.0445945414462466e-06,22.38238238238238,-3.0157514677034145
22.42242242242242,3.023791138531424e-06,22.42242242242242,-2.9573304078449607
22.462462462462465,3.009743456700714e-06,22.462462462462465,-2.8983852146996645
22.5025025025025,3.00309704676701e-06,22.5025025025025,-2.8402619708320676
22.54254254254254,3.0046402430899087e-06,22.54254254254254,-2.784398029775754
22.58258258258258,3.015339061449799e-06,22.58258258258258,-2.7322886070156653
22.62262262262262,3.036382734782333e-06,22.62262262262262,-2.685440668212657
22.66266266266266,3.0692437412707316e-06,22.66266266266266,-2.6453148730934695
22.7027027027027,3.1157578242284323e-06,22.7027027027027,-2.6132584700327737
22.74274274274274,3.1782319708777845e-06,22.74274274274274,-2.5904343238124055
22.782782782782782,3.259592073809499e-06,22.782782782782782,-2.577753300093023
22.822822822822822,3.363587838214454e-06,22.822822822822822,-2.5758182558239
22.862862862862862,3.4950817502771812e-06,22.862862862862862,-2.5848874877375536
22.902902902902902,3.6604639330954473e-06,22.902902902902902,-2.6048634010131093
22.942942942942942,3.868259671952097e-06,22.942942942942942,-2.635308817103036
22.982982982982982,4.130039070611522e-06,22.982982982982982,-2.6754895231718723
23.023023023023022,4.461813586140173e-06,23.023023023023022,-2.7244384518598292
23.063063063063062,4.886241765971345e-06,23.063063063063062,-2.781035208889022
23.103103103103102,5.436228145274096e-06,23.103103103103102,-2.8440950564080536
23.143143143143142,6.161020220430552e-06,23.143143143143142,-2.912464279397682
23.183183183183182,7.137084009391833e-06,23.183183183183182,-2.985147344521008
23.223223223223222,8.487928615566985e-06,23.223223223223222,-3.0613400385522658
23.263263263263262,1.0424574756328232e-05,23.263263263263262,-3.1407478156742203
23.303303303303302,1.33312719409074e-05,23.303303303303302,-3.223799908264116
23.343343343343342,1.7969803615870087e-05,23.343343343343342,-3.3123038340346196
23.383383383383382,2.6032937549445682e-05,23.383383383383382,-3.4109617473606644
23.423423423423422,4.1949468378509915e-05,23.423423423423422,-3.531739498671129
23.463463463463462,8.071431434761604e-05,23.463463463463462,-3.710155197236568
23.503503503503502,0.00022556616198133542,23.503503503503502,-4.100983854775651
23.543543543543542,0.00340631119498934,23.543543543543542,-7.8566451608907055
23.583583583583582,0.0068498609153496,23.583583583583582,-7.219454182140441
23.623623623623622,0.0002983430404706355,23.623623623623622,-3.1108100817751443
23.663663663663662,9.480444815950385e-05,23.663663663663662,-3.2125629621243394
23.703703703703702,4.7159472661866854e-05,23.703703703703702,-3.284622288082531
23.743743743743742,2.8582106648931092e-05,23.743743743743742,-3.3294352676178818
23.783783783783782,1.9418637229038846e-05,23.783783783783782,-3.3558236764342104
23.823823823823822,1.4225232983811585e-05,23.823823823823822,-3.3685929816842592
23.863863863863862,1.0996796698557049e-05,23.863863863863862,-3.370470525046154
23.903903903903903,8.85266107598405e-06,23.903903903903903,-3.3631789467113924
23.943943943943943,7.356171588083181e-06,23.943943943943943,-3.3479442035198934
23.983983983983983,6.270632379254924e-06,23.983983983983983,-3.3257482350074574
24.024024024024026,5.458628852139484e-06,24.024024024024026,-3.297463904233732
24.064064064064063,4.835914420575627e-06,24.064064064064063,-3.2639321781641835
24.104104104104103,4.348492124050651e-06,24.104104104104103,-3.226008761685712
24.144144144144143,3.9604506696868e-06,24.144144144144143,-3.1845929923292915
24.184184184184186,3.6471494452420573e-06,24.184184184184186,-3.14064498288964
24.224224224224223,3.391223018646243e-06,24.224224224224223,-3.0951936223148224
24.264264264264263,3.180146285397187e-06,24.264264264264263,-3.049336227257267
24.304304304304303,3.004700338581426e-06,24.304304304304303,-3.0042297715289075
24.344344344344346,2.8579773277571247e-06,24.344344344344346,-2.961073292220901
24.384384384384383,2.7347182049862646e-06,24.384384384384383,-2.921081226554831
24.424424424424423,2.6308618821307625e-06,24.424424424424423,-2.885448051319313
24.464464464464463,2.5432320203172716e-06,24.464464464464463,-2.8553055233174858
24.504504504504506,2.469315432639379e-06,24.504504504504506,-2.831675043168758
24.544544544544543,2.4071026972472508e-06,24.544544544544543,-2.815418842483663
24.584584584584583,2.3549717874048713e-06,24.584584584584583,-2.8071946411497257
24.624624624624623,2.3116019395781097e-06,24.624624624624623,-2.8074187197202622
24.664664664664667,2.275909099604123e-06,24.664664664664667,-2.8162418707271506
24.704704704704703,2.2469969808316774e-06,24.704704704704703,-2.8335413307201858
24.744744744744743,2.224119562336483e-06,24.744744744744743,-2.8589298061508783
24.784784784784783,2.20665206934062e-06,24.784784784784783,-2.891780477930284
24.824824824824827,2.1940683112065852e-06,24.824824824824827,-2.931264867870089
24.864864864864863,2.1859228335452917e-06,24.864864864864863,-2.976399158674381
24.904904904904903,2.1818367497896535e-06,24.904904904904903,-3.026094037933804
24.944944944944943,2.1814864101621194e-06,24.944944944944943,-3.079203530323396
24.984984984984987,2.1845942767941343e-06,24.984984984984987,-3.134569215882839
25.025025025025023,2.1909215274606812e-06,25.025025025025023,-3.1910574806891034
25.065065065065063,2.2002620237416247e-06,25.065065065065063,-3.2475887221940587
25.105105105105103,2.2124373635734433e-06,25.105105105105103,-3.3031584638452713
25.145145145145147,2.2272928011960944e-06,25.145145145145147,-3.3568511108269754
25.185185185185183,2.244693865432329e-06,25.185185185185183,-3.4078475195366864
25.225225225225223,2.264523542779527e-06,25.225225225225223,-3.4554276963203123
25.265265265265263,2.2866799211217897e-06,25.265265265265263,-3.4989700103366737
25.305305305305307,2.311074209596e-06,25.305305305305307,-3.5379480699471073
25.345345345345343,2.337629068478557e-06,25.345345345345343,-3.571926307287723
25.385385385385383,2.366277194945556e-06,25.385385385385383,-3.6005550536943867
25.425425425425423,2.3969601213361634e-06,25.425425425425423,-3.623565724227304
25.465465465465467,2.429627190882102e-06,25.465465465465467,-3.6407665584642683
25.505505505505504,2.464234681778983e-06,25.505505505505504,-3.652039216028456
25.545545545545544,2.500745056328163e-06,25.545545545545544,-3.657336429795832
25.585585585585584,2.539126315477362e-06,25.585585585585584,-3.656680820668105
25.625625625625627,2.579351442998784e-06,25.625625625625627,-3.650164911013787
25.665665665665664,2.6213979256411828e-06,25.665665665665664,-3.6379523055432577
25.705705705705704,2.6652473386801386e-06,25.705705705705704,-3.6202799389968874
25.745745745745747,2.7108849869994338e-06,25.745745745745747,-3.5974612200572267
25.785785785785787,2.75829959473688e-06,25.785785785785787,-3.569889796568023
25.825825825825824,2.8074830361393688e-06,25.825825825825824,-3.538043574336083
25.865865865865864,2.8584301029780865e-06,25.865865865865864,-3.502488458249978
25.905905905905907,2.9111383034103634e-06,25.905905905905907,-3.463881151304962
25.945945945945947,2.9656076883711503e-06,25.945945945945947,-3.422970164942924
25.985985985985984,3.021840702661753e-06,25.985985985985984,-3.380594022491813
26.026026026026024,3.079842057392146e-06,26.026026026026024,-3.337675532774971
26.066066066066067,3.1396186219389242e-06,26.066066066066067,-3.295210947977644
26.106106106106107,3.2011793329187258e-06,26.106106106106107,-3.2542529498020194
26.146146146146144,3.264535119095087e-06,26.146146146146144,-3.2158866871076777
26.186186186186184,3.3296988402051544e-06,26.186186186186184,-3.181198677321555
26.226226226226228,3.3966852391489714e-06,26.226226226226228,-3.1512391685700307
26.266266266266268,3.4655109060750637e-06,26.266266266266268,-3.1269796054122816
26.306306306306304,3.5361942540600502e-06,26.306306306306304,-3.1092679002290433
26.346346346346344,3.608755505347082e-06,26.346346346346344,-3.0987851649717104
26.386386386386388,3.6832166879631305e-06,26.386386386386388,-3.096008073635555
26.426426426426428,3.7596016426943123e-06,26.426426426426428,-3.101180948366965
26.466466466466464,3.837936039326802e-06,26.466466466466464,-3.114300857573536
26.506506506506504,3.91824740335377e-06,26.506506506506504,-3.135117560777868
26.546546546546548,4.000565152058929e-06,26.546546546546548,-3.163148316039636
26.586586586586584,4.084920641193174e-06,26.586586586586584,-3.197705738059989
26.626626626626624,4.171347221701774e-06,26.626626626626624,-3.237935435300654
26.666666666666664,4.259880307771937e-06,26.666666666666664,-3.282859351220739
26.706706706706708,4.3505574561352595e-06,26.706706706706708,-3.3314206240832522
26.746746746746744,4.443418458004601e-06,26.746746746746744,-3.382526322051613
26.786786786786784,4.538505443955464e-06,26.786786786786784,-3.435085320273259
26.826826826826824,4.635863003451483e-06,26.826826826826824,-3.4880396895279446
26.866866866866868,4.735538320136366e-06,26.866866866866868,-3.540388972860708
26.906906906906904,4.837581324028135e-06,26.906906906906904,-3.591207542647007
26.946946946946944,4.9420448634978666e-06,26.946946946946944,-3.6396558161998853
26.986986986986985,5.048984897675687e-06,26.986986986986985,-3.684986379704597
27.027027027027028,5.15846071337837e-06,27.027027027027028,-3.726546223742218
27.067067067067065,5.27053516878118e-06,27.067067067067065,-3.7637762194109134
27.107107107107105,5.385274965625467e-06,27.107107107107105,-3.796208838410959
27.147147147147145,5.502750957521972e-06,27.147147147147145,-3.8234650076046455
27.187187187187188,5.623038495407122e-06,27.187187187187188,-3.8452507392467044
27.227227227227225,5.746217817240856e-06,27.227227227227225,-3.861354072976646
27.267267267267265,5.872374488246051e-06,27.267267267267265,-3.8716427013033354
27.307307307307305,6.0015998982415955e-06,27.307307307307305,-3.876062527227831
27.34734734734735,6.1339918250996606e-06,27.34734734734735,-3.8746373069189217
27.387387387387385,6.269655075935056e-06,27.387387387387385,-3.867469428149489
27.427427427427425,6.408702214595781e-06,27.427427427427425,-3.854741795111083
27.46746746746747,6.551254393931307e-06,27.46746746746747,-3.836720685066426
27.50750750750751,6.697442306586709e-06,27.50750750750751,-3.8137593457162495
27.547547547547545,6.847407276751316e-06,27.547547547547545,-3.78630196139303
27.587587587587585,7.00130251544322e-06,27.587587587587585,-3.754887478998605
27.62762762762763,7.1592945702892395e-06,27.62762762762763,-3.72015258713059
27.66766766766767,7.32156500323107e-06,27.66766766766767,-3.6828329744388983
27.707707707707705,7.488312340432103e-06,27.707707707707705,-3.6437617752187244
27.747747747747745,7.65975434484584e-06,27.747747747747745,-3.603863984659697
27.78778778778779,7.836130675958116e-06,27.78778778778779,-3.5641455354203777
27.82782782782783,8.017706013539651e-06,27.82782782782783,-3.5256758307326663
27.867867867867865,8.204773741804939e-06,27.867867867867865,-3.4895628245201253
27.907907907907905,8.397660312573548e-06,27.907907907907905,-3.4569203273335827
27.94794794794795,8.59673043461344e-06,27.94794794794795,-3.4288281011426243
27.98798798798799,8.802393275842042e-06,27.98798798798799,-3.406286411196314
28.028028028028025,9.015109909728258e-06,28.028028028028025,-3.3901679376930445
28.068068068068065,9.235402303414339e-06,28.068068068068065,-3.381170994992963
28.10810810810811,9.463864223072799e-06,28.10810810810811,-3.3797786552978253
28.14814814814815,9.701174541884398e-06,28.14814814814815,-3.3862283050325503
28.188188188188185,9.948113576824236e-06,28.188188188188185,-3.4004952968289133
28.228228228228225,1.0205583270006188e-05,28.228228228228225,-3.4222927542029513
28.26826826826827,1.0474632289232157e-05,28.26826826826827,-3.451087549411729
28.30830830830831,1.0756487467833246e-05,28.30830830830831,-3.486130429297462
28.348348348348345,1.105259348788655e-05,28.348348348348345,-3.526496656652269
28.388388388388385,1.1364663373899901e-05,28.388388388388385,-3.571132637924688
28.42842842842843,1.1694743305581609e-05,28.42842842842843,-3.6189039506395564
28.46846846846847,1.204529658908448e-05,28.46846846846847,-3.6686407950024185
28.508508508508505,1.2419313548276377e-05,28.508508508508505,-3.7191779531431166
28.548548548548546,1.2820456909489603e-05,28.548548548548546,-3.7693875661774143
28.58858858858859,1.3253256417416343e-05,28.58858858858859,-3.818204138080914
28.62862862862863,1.3723372711167692e-05,28.62862862862863,-3.864642075876877
28.668668668668666,1.4237960140672107e-05,28.668668668668666,-3.907806637817011
28.708708708708706,1.4806173330357032e-05,28.708708708708706,-3.9468994847732457
28.74874874874875,1.543988647953031e-05,28.74874874874875,-3.981220070468063
28.78878878878879,1.6154734029221948e-05,28.78878878878879,-4.010164040227666
28.828828828828826,1.6971647965378575e-05,28.828828828828826,-4.033219584530361
28.868868868868866,1.79191824379709e-05,28.868868868868866,-4.04996243337308
28.90890890890891,1.903712289238243e-05,28.90890890890891,-4.060049859417887
28.94894894894895,2.0382260416997207e-05,28.94894894894895,-4.063213658058157
28.988988988988986,2.203795506755101e-05,28.988988988988986,-4.05925157359939
29.029029029029026,2.4130623808097003e-05,29.029029029029026,-4.048015926194169
29.06906906906907,2.68595455687453e-05,29.06906906906907,-4.029397088856825
29.10910910910911,3.0553883428208195e-05,29.10910910910911,-4.003297737256823
29.149149149149146,3.5789604294940956e-05,29.149149149149146,-3.9695911621532614
29.18918918918919,4.3650955311409084e-05,29.18918918918919,-3.9280540258453627
29.22922922922923,5.638483791105611e-05,29.22922922922923,-3.878267607786979
29.26926926926927,7.930872002228587e-05,29.26926926926927,-3.819540768955318
29.309309309309306,0.0001277623468289883,29.309309309309306,-3.7513966412649107
29.34934934934935,0.00026375422074146476,29.34934934934935,-3.6800961400630556
29.38938938938939,0.0010404783835016038,29.38938938938939,-3.7617031061813
29.42942942942943,0.011361435540554882,29.42942942942943,-12.891641727919296
29.469469469469466,0.003275581196500739,29.469469469469466,-8.200394483619252
29.50950950950951,0.000400982372359175,29.50950950950951,-4.664093405560693
29.54954954954955,0.00016637207648637076,29.54954954954955,-4.184420344620604
29.58958958958959,9.734638316852805e-05,29.58958958958959,-3.9962356474755727
29.629629629629626,6.781973766250508e-05,29.629629629629626,-3.895536955884861
29.66966966966967,5.2584084410419243e-05,29.66966966966967,-3.8359445479220273
29.70970970970971,4.378745112844015e-05,29.70970970970971,-3.801805297570689
29.74974974974975,3.832476298352896e-05,29.74974974974975,-3.7864348932421206
29.789789789789786,3.476453340284236e-05,29.789789789789786,-3.7863338105293263
29.82982982982983,3.237147105340614e-05,29.82982982982983,-3.7992172574002625
29.86986986986987,3.073613112383484e-05,29.86986986986987,-3.823241792552117
29.90990990990991,2.9615753376090008e-05,29.90990990990991,-3.8566872761844535
29.949949949949946,2.885899757951345e-05,29.949949949949946,-3.8978376665901235
29.98998998998999,2.83675649249927e-05,29.98998998998999,-3.944955532562865
30.03003003003003,2.80753939744232e-05,30.03003003003003,-3.9963002777920957
30.07007007007007,2.7936796895155006e-05,30.07007007007007,-4.050163625134282
30.110110110110107,2.791939849144942e-05,30.110110110110107,-4.10490781248516
30.15015015015015,2.799977719014548e-05,30.15015015015015,-4.15899892106487
30.19019019019019,2.816068751096759e-05,30.19019019019019,-4.211032148066821
30.23023023023023,2.8389240596111802e-05,30.23023023023023,-4.25974853788858
30.270270270270267,2.8675682911323552e-05,30.270270270270267,-4.304044265441905
30.31031031031031,2.9012558525212326e-05,30.31031031031031,-4.342974275627023
30.35035035035035,2.939412328481234e-05,30.35035035035035,-4.375752306078077
30.39039039039039,2.9815927985653475e-05,30.39039039039039,-4.40174919142612
30.430430430430427,3.0274517125470322e-05,30.430430430430427,-4.420491077532543
30.47047047047047,3.07672081148163e-05,30.47047047047047,-4.4316588563461226
30.51051051051051,3.1291927392564783e-05,30.51051051051051,-4.435089785689647
30.550550550550547,3.1847087390088e-05,30.550550550550547,-4.430781939348797
30.590590590590587,3.243149321885408e-05,30.590590590590587,-4.418901786541099
30.63063063063063,3.3044271258212375e-05,30.63063063063063,-4.399794821475921
30.67067067067067,3.3684814078694184e-05,30.67067067067067,-4.373998681723682
30.710710710710707,3.435273767818641e-05,30.710710710710707,-4.34225758582868
30.750750750750747,3.504784810674528e-05,30.750750750750747,-4.305536111750815
30.79079079079079,3.577011531992469e-05,30.79079079079079,-4.265029356234868
30.83083083083083,3.651965264869859e-05,30.83083083083083,-4.222165415200628
30.870870870870867,3.729670068913088e-05,30.870870870870867,-4.178595033296694
30.91091091091091,3.8101614694786845e-05,30.91091091091091,-4.136162618864898
30.95095095095095,3.893485477424793e-05,30.95095095095095,-4.096853028575685
30.99099099099099,3.979697836557945e-05,30.99099099099099,-4.062710211425621
31.031031031031027,4.0688634574366674e-05,31.031031031031027,-4.035727484725419
31.07107107107107,4.161056005565298e-05,31.07107107107107,-4.017714854960463
31.11111111111111,4.256357619846288e-05,31.11111111111111,-4.010155566540668
31.15115115115115,4.354858741317455e-05,31.15115115115115,-4.01407014700591
31.191191191191187,4.456658038396594e-05,31.191191191191187,-4.029909144671254
31.23123123123123,4.561862416335369e-05,31.23123123123123,-4.057493587297916
31.27127127127127,4.670587102485486e-05,31.27127127127127,-4.096014527066086
31.31131131131131,4.7829558012387266e-05,31.31131131131131,-4.1440918312713295
31.351351351351347,4.899100913193736e-05,31.351351351351347,-4.199881136928404
31.39139139139139,5.019163816090237e-05,31.39139139139139,-4.261210203317556
31.43143143143143,5.143295205289715e-05,31.43143143143143,-4.3257236722235355
31.47147147147147,5.271655492528494e-05,31.47147147147147,-4.391018180660188
31.511511511511507,5.4044152641134595e-05,31.511511511511507,-4.45475591255109
31.55155155155155,5.541755798264131e-05,31.55155155155155,-4.514751527524386
31.59159159159159,5.6838696447673864e-05,31.59159159159159,-4.569033228285834
31.63163163163163,5.830961268196103e-05,31.63163163163163,-4.615882547144248
31.671671671671668,5.983247759354729e-05,31.671671671671668,-4.653859362092171
31.71171171171171,6.140959618301366e-05,31.71171171171171,-4.681819050069114
31.75175175175175,6.304341613358119e-05,31.75175175175175,-4.6989282007914674
31.79179179179179,6.473653724498908e-05,31.79179179179179,-4.704684349492998
31.831831831831828,6.649172173279951e-05,31.831831831831828,-4.6989439522554015
31.87187187187187,6.831190551377479e-05,31.87187187187187,-4.681961352350118
31.91191191191191,7.020021053889911e-05,31.91191191191191,-4.654439450894494
31.95195195195195,7.215995827393115e-05,31.95195195195195,-4.617589816783544
31.991991991991988,7.419468444031744e-05,31.991991991991988,-4.573195444108799
32.032032032032035,7.630815515769114e-05,32.032032032032035,-4.5236628441044395
32.07207207207207,7.850438458412677e-05,32.07207207207207,-4.472041838967048
32.11211211211211,8.07876542662702e-05,32.11211211211211,-4.421982679431904
32.15215215215215,8.316253433440259e-05,32.15215215215215,-4.377595098840705
32.192192192192195,8.56339067728841e-05,32.192192192192195,-4.343179025708265
32.23223223223223,8.82069909704658e-05,32.23223223223223,-4.322819436654243
32.27227227227227,9.088737182395227e-05,32.27227227227227,-4.319880489863416
32.31231231231231,9.368103068029075e-05,32.31231231231231,-4.336486496957809
32.352352352352355,9.659437943822843e-05,32.352352352352355,-4.373114134238015
32.39239239239239,9.963429820181603e-05,32.39239239239239,-4.428412895957967
32.43243243243243,0.00010280817689144617,32.43243243243243,-4.499310132211405
32.472472472472475,0.00010612396131334714,32.472472472472475,-4.581368204819334
32.512512512512515,0.00010959020423660648,32.512512512512515,-4.669289899304142
32.55255255255255,0.00011321612210183317,32.55255255255255,-4.75744723035682
32.59259259259259,0.00011701165811173111,32.59259259259259,-4.840337677786976
32.632632632632635,0.00012098755250312954,32.632632632632635,-4.912924833015195
32.672672672672675,0.00012515542102683845,32.672672672672675,-4.970869755185541
32.71271271271271,0.0001295278426399404,32.71271271271271,-5.010690632119625
32.75275275275275,0.00013411845782550658,32.75275275275275,-5.029901494636135
32.792792792792795,0.000138942078929399,32.792792792792795,-5.027181327603588
32.832832832832835,0.00014401481430547942,32.832832832832835,-5.00261765826021
32.87287287287287,0.00014935420828876816,32.87287287287287,-4.95805170667802
32.91291291291291,0.00015497939934494293,32.91291291291291,-4.897515060824993
32.952952952952955,0.00016091129922598743,32.952952952952955,-4.8276714085517565
32.992992992992995,0.00016717279636550668,32.992992992992995,-4.758043726786857
33.03303303303303,0.00017378898743417633,33.03303303303303,-4.700637995518296
33.07307307307307,0.00018078744162918284,33.07307307307307,-4.668494976263309
33.113113113113116,0.00018819850316825672,33.113113113113116,-4.672966779003369
33.153153153153156,0.00019605563855317008,33.153153153153156,-4.720292143407125
33.19319319319319,0.00020439583639973464,33.19319319319319,-4.8089374270801875
33.23323323323323,0.00021326006931984224,33.23323323323323,-4.929202137198559
33.273273273273276,0.00022269382926386454,33.273273273273276,-5.065340783484817
33.313313313313316,0.00023274775017462484,33.313313313313316,-5.198989298424545
33.35335335335335,0.00024347833495413224,33.35335335335335,-5.3123570331958785
33.39339339339339,0.0002549488075109813,33.39339339339339,-5.390447506783146
33.433433433433436,0.00026723011553252563,33.433433433433436,-5.422541024506277
33.473473473473476,0.00028040211589183597,33.473473473473476,-5.403702553069053
33.51351351351351,0.0002945549823493024,33.51351351351351,-5.337154945046083
33.55355355355355,0.00030979088557168185,33.55355355355355,-5.237928901540025
33.593593593593596,0.00032622600857933493,33.593593593593596,-5.136564132289636
33.633633633633636,0.00034399297802783276,33.633633633633636,-5.077831494719549
33.67367367367367,0.000363243814684445,33.67367367367367,-5.1062310234345665
33.71371371371371,0.0003841535365802333,33.71371371371371,-5.238678659477322
33.753753753753756,0.00040692458936271523,33.753753753753756,-5.446469330376812
33.793793793793796,0.0004317923336641504,33.793793793793796,-5.66723894827351
33.83383383383383,0.0004590318952878104,33.83383383383383,-5.833711137761788
33.87387387387387,0.0004889667900260849,33.87387387387387,-5.895822092998214
33.913913913913916,0.000521979883282904,33.913913913913916,-5.835715980553015
33.953953953953956,0.0005585274577250294,33.953953953953956,-5.690264655044154
33.99399399399399,0.0005991574689914753,33.99399399399399,-5.579570159629254
34.03403403403403,0.0006445335248688802,34.03403403403403,-5.666785319286742
34.074074074074076,0.000695466802637777,34.074074074074076,-5.976348153857897
34.114114114114116,0.0007529591635705175,34.114114114114116,-6.316868186389563
34.15415415415415,0.0008182623570423021,34.15415415415415,-6.465671453375899
34.194194194194196,0.000892960830245185,34.194194194194196,-6.346911730245357
34.234234234234236,0.0009790899903437365,34.234234234234236,-6.195314454366558
34.274274274274276,0.0010793091515929254,34.274274274274276,-6.480749386321312
34.31431431431431,0.00119716144166245,34.31431431431431,-7.009507656360511
34.354354354354356,0.0013374769683492478,34.354354354354356,-7.124969328221602
34.394394394394396,0.0015070219863848686,34.394394394394396,-6.9628126355783015
34.434434434434436,0.0017155918385595862,34.434434434434436,-7.568476412659083
34.47447447447447,0.0019779537449067615,34.47447447447447,-7.978587743805562
34.51451451451451,0.0023175421451289884,34.51451451451451,-8.07103088491931
34.55455455455455,0.0027741260205496098,34.55455455455455,-8.995983409581829
34.5945945945946,0.003421679517842807,34.5945945945946,-9.504604729773241
34.63463463463464,0.004417503658347573,34.63463463463464,-10.524843080207154
34.67467467467468,0.006176829388066948,34.67467467467468,-12.386341990397034
34.71471471471472,0.010377142928260898,34.71471471471472,-16.442625107700415
34.75475475475476,0.04062831871277265,34.75475475475476,-38.39769339718209
34.79479479479479,0.11318010545909586,34.79479479479479,-82.4737606785596
34.83483483483483,0.15651494980805986,34.83483483483483,-109.26761253779912
34.87487487487487,0.18830500694307684,34.87487487487487,-129.08606773699933
34.91491491491492,0.21352692832913625,34.91491491491492,-144.86280962844106
34.95495495495496,0.23424226955857672,34.95495495495496,-157.83596214169825
34.994994994995,0.25153668307504323,34.994994994995,-168.66466732488138
35.03503503503504,0.2660620976074789,35.03503503503504,-177.74756889557193
35.07507507507507,0.27824298593513824,35.07507507507507,-185.34549318518975
35.11511511511511,0.2883704967919981,35.11511511511511,-191.6379267878009
35.15515515515515,0.29665090562560986,35.15515515515515,-196.7522762212965
35.19519519519519,0.30323273733119904,35.19519519519519,-200.780328842885
35.23523523523524,0.3082228638992572,35.23523523523524,-203.78805860487097
35.27527527527528,0.31169641193938435,35.27527527527528,-205.82167585605518
35.31531531531532,0.31370292538576394,35.31531531531532,-206.911393918826
35.35535535535536,0.31427007962300274,35.35535535535536,-207.07369563416427
35.39539539539539,0.31340563823012774,35.39539539539539,-206.31251821052064
35.43543543543543,0.31109798759924634,35.43543543543543,-204.6195590456993
35.47547547547547,0.3073153375104772,35.47547547547547,-201.97375479349267
35.51551551551551,0.3020034555900727,35.51551551551551,-198.33985173332843
35.55555555555556,0.29508154265092185,35.55555555555556,-193.66582673286354
35.5955955955956,0.2864354655440215,35.5955955955956,-187.87868170927126
35.63563563563564,0.2759068838397055,35.63563563563564,-180.87772508379427
35.67567567567568,0.2632754915151093,35.67567567567568,-172.52366777316425
35.71571571571571,0.2482288113065694,35.71571571571571,-162.6202106535891
35.75575575575575,0.23030748191637804,35.75575575575575,-150.8809820535184
35.79579579579579,0.20879685154080688,35.79579579579579,-136.86472810490542
35.83583583583583,0.18248254530045277,35.83583583583583,-119.83119644710348
35.87587587587588,0.14897848452516352,35.87587587587588,-98.35263566208626
35.91591591591592,0.10212477856614868,35.91591591591592,-68.85931456558338
35.95595595595596,0.027411901581613014,35.95595595595596,-23.10213359339524
35.995995995996,0.009576933392675038,35.995995995996,-10.446277025057807
36.03603603603603,0.006032499442871011,36.03603603603603,-7.833892646411387
36.07607607607607,0.00441521046753043,36.07607607607607,-6.667890076354147
36.11611611611611,0.0034671792395168724,36.11611611611611,-6.009820731628906
36.15615615615616,0.002838602900244522,36.15615615615616,-5.5952664802280125
36.1961961961962,0.002389776353377669,36.1961961961962,-5.312691430493502
36.23623623623624,0.0020529380834988474,36.23623623623624,-5.111234893654348
36.27627627627628,0.0017909058477553414,36.27627627627628,-4.959366758637161
36.31631631631632,0.0015814468747100295,36.31631631631632,-4.853978984968414
36.35635635635635,0.0014103962606139909,36.35635635635635,-4.771023155507436
36.39639639639639,0.0012682770481659165,36.39639639639639,-4.691415837782223
36.43643643643643,0.001148497393968901,36.43643643643643,-4.63671246397125
36.47647647647648,0.001046324692474604,36.47647647647648,-4.6134407543479465
36.51651651651652,0.0009582705595275144,36.51651651651652,-4.593431639675002
36.55655655655656,0.0008817059215364929,36.55655655655656,-4.556474565861478
36.5965965965966,0.0008146112631232426,36.5965965965966,-4.513372183475405
36.63663663663664,0.0007554095115606006,36.63663663663664,-4.487891495623357
36.67667667667667,0.0007028512109906113,36.67667667667667,-4.489839947748599
36.71671671671671,0.0006559337805495018,36.71671671671671,-4.507705448042577
36.75675675675675,0.0006138435737152378,36.75675675675675,-4.521558555639343
36.7967967967968,0.0005759135434643126,36.7967967967968,-4.518284469977641
36.83683683683684,0.0005415918092356352,36.83683683683684,-4.497542970913946
36.87687687687688,0.0005104179779476161,36.87687687687688,-4.469161708490114
36.91691691691692,0.0004820050723404268,36.91691691691692,-4.446530408985836
36.95695695695696,0.0004560255743314935,36.95695695695696,-4.43982189459673
36.99699699699699,0.0004322005291583454,36.99699699699699,-4.451901234863037
37.03703703703703,0.00041029095451761144,37.03703703703703,-4.478289702781028
37.07707707707707,0.0003900910051784501,37.07707707707707,-4.510261656833356
37.11711711711712,0.0003714224884382219,37.11711711711712,-4.5387349746917955
37.15715715715716,0.00035413042915839743,37.15715715715716,-4.55708402550299
37.1971971971972,0.00033807945760386086,37.1971971971972,-4.562340243545427
37.23723723723724,0.0003231508475121051,37.23723723723724,-4.555136047218127
37.27727727727728,0.00030924007218514817,37.27727727727728,-4.538927169294701
37.31731731731731,0.0002962547760609431,37.31731731731731,-4.518873347716095
37.35735735735735,0.00028411308188166454,37.35735735735735,-4.500602967683171
37.39739739739739,0.0002727421706457834,37.39739739739739,-4.489039199968462
37.43743743743744,0.00026207708452464975,37.43743743743744,-4.487479097950175
37.47747747747748,0.00025205971312118516,37.47747747747748,-4.49710264892433
37.51751751751752,0.00024263793130242014,37.51751751751752,-4.516991788979238
37.55755755755756,0.00023376486285261924,37.55755755755756,-4.544587545203421
37.5975975975976,0.00022539824918680392,37.5975975975976,-4.576391300163873
37.63763763763763,0.00021749990613643272,37.63763763763763,-4.608688220657383
37.67767767767767,0.00021003525484695248,37.67767767767767,-4.638131674947318
37.71771771771772,0.0002029729153423948,37.71771771771772,-4.662121882301482
37.75775775775776,0.00019628435327405727,37.75775775775776,-4.678987933289591
37.7977977977978,0.00018994357192708353,37.7977977977978,-4.688019435926169
37.83783783783784,0.00018392684294846976,37.83783783783784,-4.689398885687116
37.87787787787788,0.00017821247024566843,37.87787787787788,-4.684074180210538
37.91791791791792,0.0001727805824282367,37.91791791791792,-4.673595551463466
37.95795795795795,0.0001676129498959615,37.95795795795795,-4.659929733701579
37.99799799799799,0.00016269282323028936,37.99799799799799,-4.6452588735543365
38.03803803803804,0.00015800479008827757,38.03803803803804,-4.6317721881877825
38.07807807807808,0.00015353464820338017,38.07807807807808,-4.621462695989538
38.11811811811812,0.00014926929242776565,38.11811811811812,-4.615946452742427
38.15815815815816,0.00014519661405768686,38.15815815815816,-4.616324271440508
38.1981981981982,0.00014130541095000362,38.1981981981982,-4.623103326968806
38.23823823823824,0.00013758530707703824,38.23823823823824,-4.63618784914057
38.27827827827827,0.0001340266804714411,38.27827827827827,-4.654936373631368
38.31831831831831,0.0001306205984959643,38.31831831831831,-4.678271565201156
38.35835835835836,0.00012735875964418452,38.35835835835836,-4.704821172881538
38.3983983983984,0.00012423344113278618,38.3983983983984,-4.733067068060677
38.43843843843844,0.00012123745161617908,38.43843843843844,-4.761483005319845
38.47847847847848,0.00011836408847846341,38.47847847847848,-4.788648457157059
38.51851851851852,0.00011560709921131125,38.51851851851852,-4.813333039584075
38.55855855855856,0.00011296064643732864,38.55855855855856,-4.83455179342349
38.59859859859859,0.00011041927620053862,38.59859859859859,-4.851595126232767
38.63863863863863,0.00010797788920180462,38.63863863863863,-4.864038661902301
38.67867867867868,0.00010563171467119388,38.67867867867868,-4.871738160120384
38.71871871871872,0.00010337628661930172,38.71871871871872,-4.874813703509968
38.75875875875876,0.00010120742226518015,38.75875875875876,-4.873626075454296
38.7987987987988,9.912120239256167e-05,38.7987987987988,-4.868747031926178
38.83883883883884,9.711395350513099e-05,38.83883883883884,-4.860924242810647
38.87887887887888,9.51822315970359e-05,38.87887887887888,-4.851041150602272
38.91891891891891,9.332280740937879e-05,38.91891891891891,-4.840071917097689
38.95895895895895,9.153265305519766e-05,38.95895895895895,-4.829031986880733
38.998998998999,8.980892991611832e-05,38.998998998999,-4.818925513359083
39.03903903903904,8.814897769894667e-05,39.03903903903904,-4.810691808175821
39.07907907907908,8.655030460828946e-05,39.07907907907908,-4.805153911131138
39.11911911911912,8.501057854911741e-05,39.11911911911912,-4.802973008367126
39.15915915915916,8.352761931857116e-05,39.15915915915916,-4.804612571164794
39.19919919919919,8.2099391751125e-05,39.19919919919919,-4.810315549328099
39.23923923923923,8.072399978713198e-05,39.23923923923923,-4.820096756724159
39.27927927927927,7.939968145361399e-05,39.27927927927927,-4.833750926826639
39.31931931931932,7.81248047618489e-05,39.31931931931932,-4.850875119788546
39.35935935935936,7.689786453502195e-05,39.35935935935936,-4.870902610982614
39.3993993993994,7.571748019620343e-05,39.3993993993994,-4.893144386058127
39.43943943943944,7.458239457411742e-05,39.43943943943944,-4.916834042316894
39.47947947947948,7.349147379391227e-05,39.47947947947948,-4.941172225397487
39.51951951951951,7.244370835349581e-05,39.51951951951951,-4.965367521248361
39.55955955955955,7.143821551734274e-05,39.55955955955955,-4.988671741551063
39.5995995995996,7.04742431906465e-05,39.5995995995996,-5.010408566386914
39.63963963963964,6.955117548775817e-05,39.63963963963964,-5.02999536165226
39.67967967967968,6.866854026642884e-05,39.67967967967968,-5.0469585998773905
39.71971971971972,6.782601896444113e-05,39.71971971971972,-5.060943667810079
39.75975975975976,6.702345916999655e-05,39.75975975975976,-5.07171996511619
39.7997997997998,6.626089047158217e-05,39.7997997997998,-5.079182153312143
39.83983983983983,6.553854427382606e-05,39.83983983983983,-5.083348260394192
39.87987987987987,6.48568784591937e-05,39.87987987987987,-5.08435513243716
39.91991991991992,6.421660802106294e-05,39.91991991991992,-5.082451502489253
39.95995995995996,6.361874311063605e-05,39.95995995995996,-5.077988745327114
40.0,6.306463637234788e-05,40.0,-5.071409236128435
