Frequency [GHz]00,δ αd00,10,δ βd10
0.0,-4.5118517839363676e-14,0.0,-2.5346609681356925e-07
0.04004004004004004,-7.303351367859526e-11,0.04004004004004004,-1.0148709985991627e-05
0.08008008008008008,-2.6840896961744517e-10,0.08008008008008008,-2.029709005239161e-05
0.1201201201201201,-5.725488907940469e-10,0.1201201201201201,-3.0444837096049726e-05
0.16016016016016016,-9.789188934376394e-10,0.16016016016016016,-4.0591647988960644e-05
0.2002002002002002,-1.4817187485248906e-09,0.2002002002002002,-5.073721951948107e-05
0.2402402402402402,-2.0774106438690816e-09,0.2402402402402402,-6.088124837808073e-05
0.2802802802802803,-2.75857669557655e-09,0.2802802802802803,-7.102343113563059e-05
0.3203203203203203,-3.5352587401173197e-09,0.3203203203203203,-8.116346413311604e-05
0.36036036036036034,-4.3924144018342535e-09,0.36036036036036034,-9.130104358232027e-05
0.4004004004004004,-5.332228756776707e-09,0.4004004004004004,-0.00010143586546920713
0.4404404404404404,-6.3528583811355425e-09,0.4404404404404404,-0.0001115676255184217
0.4804804804804804,-7.452629991515524e-09,0.4804804804804804,-0.00012169601917644268
0.5205205205205206,-8.630010188765979e-09,0.5205205205205206,-0.00013182074161555146
0.5605605605605606,-9.883582509268028e-09,0.5605605605605606,-0.00014194148765617198
0.6006006006006006,-1.121202961654629e-08,0.6006006006006006,-0.00015205795175721182
0.6406406406406406,-1.2614119204422685e-08,0.6406406406406406,-0.00016216982801869895
0.6806806806806807,-1.4088692645680996e-08,0.6806806806806807,-0.0001722768100918537
0.7207207207207207,-1.5634655721956184e-08,0.7207207207207207,-0.00018237859118880317
0.7607607607607608,-1.7250970956339635e-08,0.7607607607607608,-0.00019247486408052739
0.8008008008008008,-1.8936651189970866e-08,0.8008008008008008,-0.00020256532098744673
0.8408408408408408,-2.0690754162273504e-08,0.8408408408408408,-0.0002126496536351552
0.8808808808808808,-2.251237787925461e-08,0.8808808808808808,-0.00022272755314678427
0.9209209209209208,-2.4400656641278458e-08,0.9209209209209208,-0.0002327987100942397
0.9609609609609608,-2.6354757587582062e-08,0.9609609609609608,-0.00024286281433427703
1.001001001001001,-2.8373877713446974e-08,1.001001001001001,-0.00025291955524653353
1.0410410410410411,-3.045724120582834e-08,1.0410410410410411,-0.0002629686213383442
1.0810810810810811,-3.253823469408728e-08,1.0810810810810811,-0.00027300970048749207
1.1211211211211212,-3.481371740663062e-08,1.1211211211211212,-0.00028304247976862484
1.1611611611611612,-3.7085153820694315e-08,1.1611611611611612,-0.0002930666454959985
1.2012012012012012,-3.9418193175009105e-08,1.2012012012012012,-0.0003030818831787352
1.2412412412412412,-4.1811934890918204e-08,1.2412412412412412,-0.0003130878774234569
1.2812812812812813,-4.42657252675089e-08,1.2812812812812813,-0.0003230843119960136
1.3213213213213213,-4.677892592969639e-08,1.3213213213213213,-0.00033307086968936694
1.3613613613613613,-4.93509127394239e-08,1.3613613613613613,-0.0003430472323447953
1.4014014014014013,-5.198107479761392e-08,1.4014014014014013,-0.00035301308083046656
1.4414414414414414,-5.466881352368398e-08,1.4414414414414414,-0.00036296809494096305
1.4814814814814814,-5.741354181884069e-08,1.4814814814814814,-0.00037291195338828853
1.5215215215215216,-6.021468329794286e-08,1.5215215215215216,-0.0003828443338083076
1.5615615615615617,-6.307167156632847e-08,1.5615615615615617,-0.0003927649126315158
1.6016016016016017,-6.598394956611192e-08,1.6016016016016017,-0.0004026733650934755
1.6416416416416417,-6.89509689643755e-08,1.6416416416416417,-0.0004125693652101692
1.6816816816816815,-7.19721895821879e-08,1.6816816816816815,-0.00042245258571571576
1.7217217217217216,-7.50470788536754e-08,1.7217217217217216,-0.00043232269794779565
1.7617617617617616,-7.817511134424984e-08,1.7617617617617616,-0.0004421793719200373
1.8018018018018016,-8.135576827942795e-08,1.8018018018018016,-0.0004520222762275372
1.8418418418418416,-8.45886832475019e-08,1.8418418418418416,-0.00046185107791740787
1.8818818818818817,-8.787304607731409e-08,1.8818818818818817,-0.00047166544257248866
1.9219219219219217,-9.120851282566107e-08,1.9219219219219217,-0.0004814650341764537
1.961961961961962,-9.45945872767899e-08,1.961961961961962,-0.0004912495150979357
2.002002002002002,-9.80307778992431e-08,2.002002002002002,-0.0005010185459357608
2.042042042042042,-1.015165975362309e-07,2.042042042042042,-0.0005107717856143168
2.0820820820820822,-1.0505156307944217e-07,2.0820820820820822,-0.0005205088912467737
2.1221221221221223,-1.086351951560692e-07,2.1221221221221223,-0.0005302295179998584
2.1621621621621623,-1.1226701786007457e-07,2.1621621621621623,-0.0005399333191697941
2.2022022022022023,-1.159465584625263e-07,2.2022022022022023,-0.0005496199460370832
2.2422422422422423,-1.1967334713848044e-07,2.2422422422422423,-0.0005592890477679191
2.2822822822822824,-1.234469167140097e-07,2.2822822822822824,-0.0005689402713868752
2.3223223223223224,-1.272668024180024e-07,2.3223223223223224,-0.0005785732617200612
2.3623623623623624,-1.3113254162469155e-07,2.3623623623623624,-0.0005881876612456871
2.4024024024024024,-1.3504367362088352e-07,2.4024024024024024,-0.0005977831100516529
2.4424424424424425,-1.3899973937317293e-07,2.4424424424424425,-0.0006073592457636057
2.4824824824824825,-1.430002812866603e-07,2.4824824824824825,-0.000616915703394838
2.5225225225225225,-1.4704484298880282e-07,2.5225225225225225,-0.0006264521153265257
2.5625625625625625,-1.5113296908881625e-07,2.5625625625625625,-0.0006359681111252069
2.6026026026026026,-1.552642049570805e-07,2.6026026026026026,-0.0006454633174706181
2.6426426426426426,-1.59438096504762e-07,2.6426426426426426,-0.0006549373580786444
2.6826826826826826,-1.6365418994188747e-07,2.6826826826826826,-0.0006643898534972603
2.7227227227227226,-1.679120315556382e-07,2.7227227227227226,-0.0006738204210332555
2.7627627627627627,-1.7221116747979438e-07,2.7627627627627627,-0.0006832286746238925
2.8028028028028027,-1.765511434422245e-07,2.8028028028028027,-0.0006926142246248546
2.8428428428428427,-1.8093150455948323e-07,2.8428428428428427,-0.0007019766778562087
2.8828828828828827,-1.8535179502101034e-07,2.8828828828828827,-0.0007113156370948115
2.9229229229229228,-1.8981155788486712e-07,2.9229229229229228,-0.0007206307011966562
2.962962962962963,-1.9431033479101907e-07,2.962962962962963,-0.0007299214648184282
3.0030030030030033,-1.9884766566380374e-07,3.0030030030030033,-0.0007391875181386176
3.0430430430430433,-2.034230884429537e-07,3.0430430430430433,-0.0007484284467815794
3.0830830830830833,-2.0803613875748205e-07,3.0830830830830833,-0.0007576438315117784
3.1231231231231233,-2.1268634959318482e-07,3.1231231231231233,-0.0007668332479777717
3.1631631631631634,-2.173732509437175e-07,3.1631631631631634,-0.0007759962664550812
3.2032032032032034,-2.220963694464929e-07,3.2032032032032034,-0.0007851324516181535
3.2432432432432434,-2.268552279647483e-07,3.2432432432432434,-0.0007942413621511157
3.2832832832832834,-2.31649345159001e-07,3.2832832832832834,-0.0008033225504422425
3.323323323323323,-2.3647823502840368e-07,3.323323323323323,-0.0008123755622722051
3.363363363363363,-2.413414063792956e-07,3.363363363363363,-0.0008213999363162472
3.403403403403403,-2.462383622934693e-07,3.403403403403403,-0.000830395203833989
3.443443443443443,-2.5116859949945503e-07,3.443443443443443,-0.0008393608881054337
3.483483483483483,-2.561316077117812e-07,3.483483483483483,-0.0008482965039622314
3.523523523523523,-2.611268688984059e-07,3.523523523523523,-0.0008572015572512193
3.563563563563563,-2.6615385646233387e-07,3.563563563563563,-0.0008660755442138068
3.603603603603603,-2.7121203431494916e-07,3.603603603603603,-0.0008749179507194782
3.6436436436436432,-2.763008559024014e-07,3.6436436436436432,-0.0008837282516900302
3.6836836836836833,-2.8141976305605344e-07,3.6836836836836833,-0.0008925059101898558
3.7237237237237233,-2.8656818471550793e-07,3.7237237237237233,-0.0009012503764693758
3.7637637637637633,-2.9174553553332054e-07,3.7637637637637633,-0.0009099610870979546
3.8038038038038033,-2.969512142502416e-07,3.8038038038038033,-0.0009186374637715211
3.8438438438438434,-3.021846586400345e-07,3.8438438438438434,-0.0009272789120631231
3.883883883883884,-3.074451154908887e-07,3.883883883883884,-0.0009358848200839986
3.923923923923924,-3.1273198146446147e-07,3.923923923923924,-0.0009444545569241569
3.963963963963964,-3.1804457077967674e-07,3.963963963963964,-0.0009529874709368613
4.004004004004004,-3.233821697223448e-07,4.004004004004004,-0.0009614828878108383
4.044044044044044,-3.277845198024188e-07,4.044044044044044,-0.0009699401084906079
4.084084084084084,-3.3315889205604563e-07,4.084084084084084,-0.0009783584059674943
4.124124124124124,-3.395373892870661e-07,4.124124124124124,-0.0009867370234988293
4.1641641641641645,-3.4496719386812235e-07,4.1641641641641645,-0.0009950751713985184
4.2042042042042045,-3.5041787423836725e-07,4.2042042042042045,-0.0010033720223430187
4.2442442442442445,-3.558884509468783e-07,4.2442442442442445,-0.0010116267080757524
4.2842842842842845,-3.6137787564087184e-07,4.2842842842842845,-0.0010198383143622536
4.324324324324325,-3.6688502053080856e-07,4.324324324324325,-0.0010280058755265387
4.364364364364365,-3.7240866588011e-07,4.364364364364365,-0.0010361283681095124
4.404404404404405,-3.779474850684034e-07,4.404404404404405,-0.001044204703407825
4.444444444444445,-3.835000267452557e-07,4.444444444444445,-0.0010522337189513564
4.484484484484485,-3.89064693315374e-07,4.484484484484485,-0.0010602141683717647
4.524524524524525,-3.946397149338812e-07,4.524524524524525,-0.0010681447095834962
4.564564564564565,-4.0022311789228134e-07,4.564564564564565,-0.0010760238908686937
4.604604604604605,-4.058126859329337e-07,4.604604604604605,-0.0010838501342824713
4.644644644644645,-4.1140591263878084e-07,4.644644644644645,-0.0010916217158358776
4.684684684684685,-4.1699994253441806e-07,4.684684684684685,-0.0010993367419107614
4.724724724724725,-4.225914976543541e-07,4.724724724724725,-0.0011069931207909889
4.764764764764765,-4.281767852651818e-07,4.764764764764765,-0.0011145885277921153
4.804804804804805,-4.337513812570327e-07,4.804804804804805,-0.0011221203631532894
4.844844844844845,-4.3931008136073504e-07,4.844844844844845,-0.001129585700034852
4.884884884884885,-4.448467097145463e-07,4.884884884884885,-0.0011369812200223706
4.924924924924925,-4.5035387032194506e-07,4.924924924924925,-0.0011443031327895703
4.964964964964965,-4.5582262095885426e-07,4.964964964964965,-0.0011515470746745748
5.005005005005005,-4.6124204078359606e-07,5.005005005005005,-0.0011587079799104671
5.045045045045045,-4.6659865011151685e-07,5.045045045045045,-0.0011657799151665316
5.085085085085085,-4.718717261402905e-07,5.085085085085085,-0.0011727558646961178
5.125125125125125,-4.770478036239089e-07,5.125125125125125,-0.0011796274478910185
5.165165165165165,-4.820957670969976e-07,5.165165165165165,-0.001186384543409691
5.205205205205205,-4.869802765515097e-07,5.205205205205205,-0.001193014781128987
5.245245245245245,-4.916547273791164e-07,5.245245245245245,-0.0011995028447304712
5.285285285285285,-4.960565958231919e-07,5.285285285285285,-0.0012058294970374028
5.325325325325325,-5.001003809721556e-07,5.325325325325325,-0.0012119701903059443
5.365365365365365,-5.036666152826732e-07,5.365365365365365,-0.0012178930393478282
5.405405405405405,-5.065842306469317e-07,5.405405405405405,-0.0012235557888535809
5.445445445445445,-5.086012660352542e-07,5.445445445445445,-0.0012289011394930327
5.485485485485485,-5.093342122891283e-07,5.485485485485485,-0.0012338492943033685
5.525525525525525,-5.081761681026507e-07,5.525525525525525,-0.0012382855838839468
5.565565565565565,-5.04120620557671e-07,5.565565565565565,-0.0012420389105143315
5.605605605605605,-4.953992002588829e-07,5.605605605605605,-0.001244841942552366
5.645645645645645,-4.786701087803051e-07,5.645645645645645,-0.001246252068155762
5.685685685685685,-4.4698674315834857e-07,5.685685685685685,-0.0012454790937685978
5.7257257257257255,-3.8389598084264624e-07,5.7257257257257255,-0.0012409598670370947
5.7657657657657655,-2.4221041066389707e-07,5.7657657657657655,-0.001229105264200392
5.8058058058058055,1.6327299772822892e-07,5.8058058058058055,-0.0011994359537745858
5.8458458458458455,2.2225384443987886e-06,5.8458458458458455,-0.0011026367377144908
5.885885885885886,0.002221047843098564,5.885885885885886,0.00037832108851265644
5.925925925925926,3.5554842776970748e-06,5.925925925925926,-0.0008329499151833453
5.965965965965966,3.2689205192634177e-07,5.965965965965966,-0.0007031972908579931
6.0060060060060065,-2.1076927917969106e-07,6.0060060060060065,-0.0006672976441843836
6.046046046046047,-3.9664885124346015e-07,6.046046046046047,-0.0006529655559970315
6.086086086086087,-4.84741839345789e-07,6.086086086086087,-0.0006469651496767703
6.126126126126127,-5.350767585775426e-07,6.126126126126127,-0.0006450313360608639
6.166166166166167,-5.677733413371857e-07,6.166166166166167,-0.000645369899879622
6.206206206206207,-5.911261901903856e-07,6.206206206206207,-0.0006470942032104077
6.246246246246247,-6.090645087911519e-07,6.246246246246247,-0.0006497155357303441
6.286286286286287,-6.236459928418443e-07,6.286286286286287,-0.0006529422349639269
6.326326326326327,-6.360334158820257e-07,6.326326326326327,-0.0006565893383640997
6.366366366366367,-6.469242992263296e-07,6.366366366366367,-0.0006605337698433189
6.406406406406407,-6.567577250317824e-07,6.406406406406407,-0.0006646903609639487
6.446446446446447,-6.658212724386272e-07,6.446446446446447,-0.0006689982182050969
6.486486486486487,-6.743096447149664e-07,6.486486486486487,-0.0006734125775822442
6.526526526526527,-6.823584192814551e-07,6.526526526526527,-0.0006778997316860824
6.566566566566567,-6.900642973138062e-07,6.566566566566567,-0.000682433757174028
6.606606606606607,-6.974976924048362e-07,6.606606606606607,-0.0006869943383471799
6.646646646646646,-7.047108021194463e-07,6.646646646646646,-0.0006915652816870121
6.686686686686686,-7.117429249588842e-07,6.686686686686686,-0.000696133477899874
6.726726726726726,-7.186240476944085e-07,6.726726726726726,-0.0007006881617157568
6.766766766766766,-7.253773178694713e-07,6.766766766766766,-0.0007052203745452346
6.806806806806806,-7.32020780691491e-07,6.806806806806806,-0.0007097225675982699
6.846846846846846,-7.38568620459114e-07,6.846846846846846,-0.0007141883047441233
6.886886886886886,-7.450320617398941e-07,6.886886886886886,-0.0007186120367772553
6.926926926926926,-7.514200329076593e-07,6.926926926926926,-0.0007229889278814738
6.966966966966966,-7.577396611565894e-07,6.966966966966966,-0.000727314720891048
7.007007007007006,-7.639966461028651e-07,7.007007007007006,-0.0007315856313185876
7.047047047047046,-7.701955449156898e-07,7.047047047047046,-0.0007357982633346971
7.087087087087086,-7.763399921267042e-07,7.087087087087086,-0.0007399495426287928
7.127127127127126,-7.824328706569693e-07,7.127127127127126,-0.0007440366622208927
7.167167167167166,-7.884764460144161e-07,7.167167167167166,-0.0007480570383280316
7.207207207207206,-7.944724724942131e-07,7.207207207207206,-0.0007520082743774914
7.2472472472472464,-8.004222777542331e-07,7.2472472472472464,-0.0007558881311213739
7.2872872872872865,-8.06326830749915e-07,7.2872872872872865,-0.0007596945020877932
7.3273273273273265,-8.121867965282152e-07,7.3273273273273265,-0.0007634253928863188
7.3673673673673665,-8.180025807467376e-07,7.3673673673673665,-0.0007670789038636272
7.4074074074074066,-8.237743660335375e-07,7.4074074074074066,-0.0007706532154934109
7.447447447447447,-8.295021418193785e-07,7.447447447447447,-0.0007741465759751875
7.487487487487487,-8.351857288859126e-07,7.487487487487487,-0.0007775572905210915
7.527527527527527,-8.408247997351826e-07,7.527527527527527,-0.0007808837123430834
7.567567567567567,-8.464188954213732e-07,7.567567567567567,-0.0007841242346540156
7.607607607607607,-8.519674396392589e-07,7.607607607607607,-0.000787277283963661
7.647647647647647,-8.574697504206319e-07,7.647647647647647,-0.0007903413140502025
7.687687687687687,-8.629250499255685e-07,7.687687687687687,-0.0007933148007399637
7.727727727727728,-8.683324726303787e-07,7.727727727727728,-0.000796196237303981
7.767767767767768,-8.736910721906599e-07,7.767767767767768,-0.0007989841304372192
7.807807807807808,-8.789998271343342e-07,7.807807807807808,-0.0008016769965584203
7.847847847847848,-8.842576456517077e-07,7.847847847847848,-0.0008042733586401951
7.887887887887888,-8.89463369513452e-07,7.887887887887888,-0.0008067717431847754
7.927927927927928,-8.946157773622419e-07,7.927927927927928,-0.0008091706776891527
7.967967967967968,-8.997135873584257e-07,7.967967967967968,-0.000811468688188377
8.008008008008009,-9.047554593109158e-07,8.008008008008009,-0.0008136642970191232
8.048048048048049,-9.097399963887108e-07,8.048048048048049,-0.0008157560208603698
8.088088088088089,-9.146657463966756e-07,8.088088088088089,-0.0008177423687802943
8.128128128128129,-9.195312027223757e-07,8.128128128128129,-0.0008196218405140954
8.168168168168169,-9.243348049728286e-07,8.168168168168169,-0.0008213929248270802
8.208208208208209,-9.290749393037765e-07,8.208208208208209,-0.0008230540979186074
8.248248248248249,-9.337499385152041e-07,8.248248248248249,-0.0008246038219628105
8.288288288288289,-9.383580819021528e-07,8.288288288288289,-0.0008260405437043872
8.328328328328329,-9.428975948696117e-07,8.328328328328329,-0.000827362693040179
8.368368368368369,-9.473666483712263e-07,8.368368368368369,-0.0008285686817721682
8.408408408408409,-9.517633580831365e-07,8.408408408408409,-0.0008296569021535305
8.448448448448449,-9.56085783515798e-07,8.448448448448449,-0.0008306257259027561
8.488488488488489,-9.60331926761187e-07,8.488488488488489,-0.0008314735026466735
8.528528528528529,-9.64499731195118e-07,8.528528528528529,-0.0008321985588448655
8.568568568568569,-9.685870799271612e-07,8.568568568568569,-0.0008327991964787174
8.608608608608609,-9.725917940883603e-07,8.608608608608609,-0.0008332736918630346
8.64864864864865,-9.765116308893193e-07,8.64864864864865,-0.0008336202942826887
8.68868868868869,-9.803442815313783e-07,8.68868868868869,-0.00083383722484065
8.72872872872873,-9.840873688606163e-07,8.72872872872873,-0.0008339226750715412
8.768768768768767,-9.877384448107613e-07,8.768768768768767,-0.0008338748056155865
8.80880880880881,-9.912949876311012e-07,8.80880880880881,-0.0008336917448650283
8.848848848848847,-9.947543988484417e-07,8.848848848848847,-0.0008333715875696868
8.88888888888889,-9.981139999535671e-07,8.88888888888889,-0.0008329123933332738
8.928928928928928,-1.0013710288184945e-06,8.928928928928928,-0.0008323121851532278
8.96896896896897,-1.0045226357692765e-06,8.96896896896897,-0.0008315689477864652
9.009009009009008,-1.007565879329749e-06,9.009009009009008,-0.0008306806261177968
9.04904904904905,-1.0104977215969748e-06,9.04904904904905,-0.0008296451234688362
9.089089089089088,-1.0133150231603476e-06,9.089089089089088,-0.0008284602996955215
9.12912912912913,-1.0160145376132516e-06,9.12912912912913,-0.0008271239693682375
9.169169169169168,-1.0185929054966e-06,9.169169169169168,-0.0008256338996321944
9.20920920920921,-1.021046647730955e-06,9.20920920920921,-0.000823987808155735
9.249249249249248,-1.0233721583740576e-06,9.249249249249248,-0.0008221833608024198
9.28928928928929,-1.0255656966808892e-06,9.28928928928929,-0.0008202181691689958
9.329329329329328,-1.027623378375953e-06,9.329329329329328,-0.0008180897880025739
9.36936936936937,-1.0295411660272936e-06,9.36936936936937,-0.0008157957124046433
9.409409409409408,-1.0313148584128583e-06,9.409409409409408,-0.0008133333748432392
9.44944944944945,-1.0329400787386896e-06,9.44944944944945,-0.0008107001419093152
9.489489489489488,-1.0344122615662654e-06,9.489489489489488,-0.0008078933108039976
9.52952952952953,-1.0357266382634818e-06,9.52952952952953,-0.0008049101055727093
9.569569569569568,-1.0368782207873743e-06,9.569569569569568,-0.0008017476730310946
9.60960960960961,-1.0378617835175505e-06,9.60960960960961,-0.0007984030782299811
9.649649649649648,-1.0386718429111373e-06,9.649649649649648,-0.0007948732996476693
9.68968968968969,-1.0393026345822043e-06,9.68968968968969,-0.0007911552237542807
9.729729729729728,-1.0397480874877775e-06,9.729729729729728,-0.000787245639231493
9.76976976976977,-1.040001794688425e-06,9.76976976976977,-0.0007831412304630803
9.809809809809808,-1.0400569801644055e-06,9.809809809809808,-0.000778838570377971
9.84984984984985,-1.0399064610523657e-06,9.84984984984985,-0.000774334112592534
9.889889889889888,-1.0395426044806488e-06,9.889889889889888,-0.0007696241825243533
9.92992992992993,-1.038957278120243e-06,9.92992992992993,-0.0007647049676826612
9.969969969969968,-1.0381417932869364e-06,9.969969969969968,-0.0007595725066407155
10.01001001001001,-1.0370868392634925e-06,10.01001001001001,-0.0007542226766901194
10.050050050050048,-1.035782407224112e-06,10.050050050050048,-0.0007486511800314233
10.09009009009009,-1.034217701715071e-06,10.09009009009009,-0.0007428535279769832
10.130130130130128,-1.0323810373312307e-06,10.130130130130128,-0.0007368250232389073
10.17017017017017,-1.030259717531832e-06,10.17017017017017,-0.0007305607395826641
10.210210210210208,-1.027839891957539e-06,10.210210210210208,-0.0007240554985923353
10.25025025025025,-1.0251063876653716e-06,10.25025025025025,-0.0007173038430101641
10.29029029029029,-1.0220425086000925e-06,10.29029029029029,-0.0007103000061396969
10.33033033033033,-1.0186297961406769e-06,10.33033033033033,-0.000703037875934065
10.37037037037037,-1.0148477417837006e-06,10.37037037037037,-0.0006955109537685189
10.41041041041041,-1.0106734405191352e-06,10.41041041041041,-0.0006877123058419699
10.45045045045045,-1.0060811703640603e-06,10.45045045045045,-0.0006796345062261011
10.49049049049049,-1.0010418793664428e-06,10.49049049049049,-0.0006712695695085813
10.53053053053053,-9.955225558318844e-07,10.53053053053053,-0.0006626088708028277
10.57057057057057,-9.894854502451745e-07,10.57057057057057,-0.0006536430501951074
10.61061061061061,-9.828871073079256e-07,10.61061061061061,-0.0006443618977884924
10.65065065065065,-9.75677153053963e-07,10.65065065065065,-0.0006347542147402407
10.69069069069069,-9.677967632717261e-07,10.69069069069069,-0.0006248076438541972
10.73073073073073,-9.591767135479039e-07,10.73073073073073,-0.0006145084618198737
10.77077077077077,-9.497348747658377e-07,10.77077077077077,-0.0006038413222873018
10.81081081081081,-9.393729659048361e-07,10.81081081081081,-0.0005927889355126226
10.85085085085085,-9.279723010178695e-07,10.85085085085085,-0.0005813316655327583
10.89089089089089,-9.153881576251695e-07,10.89089089089089,-0.0005694470185684253
10.93093093093093,-9.014422309467241e-07,10.93093093093093,-0.0005571089868228185
10.97097097097097,-8.859123923030425e-07,10.97097097097097,-0.0005442871972594077
11.01101101101101,-8.685185923050639e-07,11.01101101101101,-0.0005309457939270956
11.05105105105105,-8.489031565909804e-07,11.05105105105105,-0.0005170419509816782
11.09109109109109,-8.266027729878769e-07,11.09109109109109,-0.0005025238652622832
11.13113113113113,-8.010079128616988e-07,11.13113113113113,-0.0004873280022934523
11.17117117117117,-7.713028089940217e-07,11.17117117117117,-0.0004713752499556634
11.21121121121121,-7.363745716172003e-07,11.21121121121121,-0.0004545654377032804
11.25125125125125,-6.946718893410158e-07,11.25125125125125,-0.0004367693486431179
11.29129129129129,-6.439786419116904e-07,11.29129129129129,-0.00041781677471597334
11.33133133133133,-5.810384333460646e-07,11.33133133133133,-0.0003974781210080991
11.37137137137137,-5.009063638119777e-07,11.37137137137137,-0.00037543509032733624
11.411411411411411,-3.957757382312861e-07,11.411411411411411,-0.0003512320514653666
11.451451451451451,-2.527309849092779e-07,11.451451451451451,-0.0003241914029645798
11.491491491491491,-4.913733409972563e-08,11.491491491491491,-0.00029325743881880584
11.531531531531531,2.576671211737677e-07,11.531531531531531,-0.00025668665592437634
11.571571571571571,7.561175976202039e-07,11.571571571571571,-0.00021137359902301256
11.611611611611611,1.655065927457758e-06,11.611611611611611,-0.00015118900970723104
11.651651651651651,3.5518292394740372e-06,11.651651651651651,-6.20921134961705e-05
11.691691691691691,8.78802031192285e-06,11.691691691691691,9.682938638988503e-05
11.731731731731731,3.5187695465638096e-05,11.731731731731731,0.0005187237192822991
11.771771771771771,0.004904454802328111,11.771771771771771,0.001761772086536162
11.811811811811811,5.914077254296282e-05,11.811811811811811,0.0006399948065727301
11.851851851851851,1.1653614794010113e-05,11.851851851851851,0.0012412590996673245
11.891891891891891,4.537705342432452e-06,11.891891891891891,0.0014330694074979888
11.931931931931931,2.1999836947426705e-06,11.931931931931931,0.001535715189784348
11.971971971971971,1.1569930028251362e-06,11.971971971971971,0.0016045454629693978
12.012012012012013,6.080209693564917e-07,12.012012012012013,0.0016570973979916914
12.052052052052051,2.883465766495216e-07,12.052052052052051,0.001700690502018709
12.092092092092093,8.976745435006206e-08,12.092092092092093,0.0017389271638563741
12.132132132132131,-3.8657717611875406e-08,12.132132132132131,0.0017737895987410823
12.172172172172173,-1.2347654549586633e-07,12.172172172172173,0.0018064610110650747
12.212212212212211,-1.7962769416888548e-07,12.212212212212211,0.0018376932948669378
12.252252252252253,-2.1603750398205626e-07,12.252252252252253,0.001867988836144363
12.292292292292291,-2.383029982305166e-07,12.292292292292291,0.0018976975594835466
12.332332332332333,-2.5007455529859994e-07,12.332332332332333,0.0019270720008019993
12.372372372372372,-2.538117819432875e-07,12.372372372372372,0.0019563001664595348
12.412412412412413,-2.512175498248833e-07,12.412412412412413,0.0019855259766989874
12.452452452452452,-2.4349781487485733e-07,12.452452452452452,0.0020148624448292907
12.492492492492493,-2.3152279834091904e-07,12.492492492492493,0.0020444004376534153
12.532532532532532,-2.1593011886975218e-07,12.532532532532532,0.002074214656207829
12.572572572572573,-1.9719259296930788e-07,12.572572572572573,0.0021043678162087076
12.612612612612612,-1.7566388489480278e-07,12.612612612612612,0.0021349136321475726
12.652652652652653,-1.5160990001383996e-07,12.652652652652653,0.002165898988155668
12.692692692692692,-1.252307851291965e-07,12.692692692692692,0.0021973655447586893
12.732732732732734,-9.667660791964211e-08,12.732732732732734,0.002229350947229314
12.772772772772772,-6.60587009179963e-08,12.772772772772772,0.0022618897478974276
12.812812812812814,-3.345797973310777e-08,12.812812812812814,0.0022950141201221186
12.852852852852852,1.0688845952008114e-09,12.852852852852852,0.0023287544184995568
12.892892892892894,3.748483748465363e-08,12.892892892892894,0.002363139624222299
12.932932932932932,7.57689394047592e-08,12.932932932932932,0.0023981977037621505
12.972972972972974,1.1591369745533701e-07,12.972972972972974,0.0024339559015391643
13.013013013013012,1.5792301961037487e-07,13.013013013013012,0.00247044098187299
13.053053053053054,2.0181064076742368e-07,13.053053053053054,0.0025076794317202555
13.093093093093092,2.4759890966718004e-07,13.093093093093092,0.0025456976329492065
13.133133133133134,2.953178554528785e-07,13.133133133133134,0.0025845220108031697
13.173173173173172,3.450044730075874e-07,13.173173173173172,0.0026241791637682255
13.213213213213214,3.9670218171679837e-07,13.213213213213214,0.002664695978895182
13.253253253253252,4.5046042316696996e-07,13.253253253253252,0.002706099735763523
13.293293293293292,5.06334371892965e-07,13.293293293293292,0.0027484182016870307
13.333333333333332,5.643847389050043e-07,13.333333333333332,0.0027916797201807952
13.373373373373372,6.246776530693596e-07,13.373373373373372,0.002835913294431336
13.413413413413412,6.872846085293188e-07,13.413413413413412,0.002881148667128741
13.453453453453452,7.52282469094253e-07,13.453453453453452,0.0029274163978403323
13.493493493493492,8.197535231607451e-07,13.493493493493492,0.0029747479389357068
13.533533533533532,8.861388347111612e-07,13.533533533533532,0.003023175731096117
13.573573573573572,9.624721295565554e-07,13.573573573573572,0.0030727331777358202
13.613613613613612,1.0379124865437465e-06,13.613613613613612,0.003123454923406044
13.653653653653652,1.116212044223984e-06,13.653653653653652,0.003175376729385171
13.693693693693692,1.197482510155402e-06,13.693693693693692,0.003228535654507425
13.733733733733734,1.2818421992015494e-06,13.733733733733734,0.0032829701171994685
13.773773773773772,1.3694163592716923e-06,13.773773773773772,0.0033387199808512236
13.813813813813814,1.4603375337561564e-06,13.813813813813814,0.003395826642729638
13.853853853853852,1.554745962149438e-06,13.853853853853852,0.003454333127013598
13.893893893893894,1.6527900202850752e-06,13.893893893893894,0.003514284182411842
13.933933933933933,1.7546267024166028e-06,13.933933933933933,0.003575726384894118
13.973973973973974,1.8604221478162822e-06,13.973973973973974,0.003638708246135103
14.014014014014013,1.970352215222926e-06,14.014014014014013,0.003703280328332781
14.054054054054054,2.0846031066764324e-06,14.054054054054054,0.003769495365532727
14.094094094094093,2.2033720480790775e-06,14.094094094094093,0.003837408392927344
14.134134134134134,2.326868027686382e-06,14.134134134134134,0.0039070768840314685
14.174174174174173,2.455312599627989e-06,14.174174174174173,0.0039785608969866715
14.214214214214214,2.5889407569291544e-06,14.214214214214214,0.004051923230502297
14.254254254254253,2.7280018813438407e-06,14.254254254254253,0.004127229590541681
14.294294294294295,2.872760776154431e-06,14.294294294294295,0.004204548768488081
14.334334334334333,3.023498790496104e-06,14.334334334334333,0.004283952831957372
14.374374374374375,3.1805150441854488e-06,14.374374374374375,0.004365517329433466
14.414414414414413,3.3441277619426953e-06,14.414414414414413,0.004449321509707893
14.454454454454455,3.5146757297074664e-06,14.454454454454455,0.004535448557892785
14.494494494494493,3.6925198834639877e-06,14.494494494494493,0.004623985848985157
14.534534534534535,3.87804504689733e-06,14.534534534534535,0.004715025221274871
14.574574574574573,4.071661830715471e-06,14.574574574574573,0.004808663270673641
14.614614614614615,4.273808713771898e-06,14.614614614614615,0.004905001668689124
14.654654654654653,4.4849543236870435e-06,14.654654654654653,0.005004147505734302
14.694694694694695,4.705599940007209e-06,14.694694694694695,0.005106213662471326
14.734734734734733,4.936282245006753e-06,14.734734734734733,0.005211319211982257
14.774774774774775,5.17757634989173e-06,14.774774774774775,0.005319589855671936
14.814814814814813,5.430099128658035e-06,14.814814814814813,0.005431158396419278
14.854854854854855,5.694512895187357e-06,14.854854854854855,0.005546165252590107
14.894894894894893,5.9715294656224015e-06,14.894894894894893,0.005664759017469656
14.934934934934935,6.261914651641562e-06,14.934934934934935,0.005787097068531644
14.974974974974973,6.56649323750114e-06,14.974974974974973,0.005913346231864125
15.015015015015015,6.886154503780431e-06,15.015015015015015,0.006043683508295317
15.055055055055053,7.221858363473796e-06,15.055055055055053,0.0061782968670307525
15.095095095095095,7.57464219343449e-06,15.095095095095095,0.0063173861152918676
15.135135135135133,7.945628449210294e-06,15.135135135135133,0.006461163851763985
15.175175175175175,8.336033171503152e-06,15.175175175175175,0.006609856514373291
15.215215215215213,8.747175501154763e-06,15.215215215215213,0.006763705532371489
15.255255255255255,9.180488347704414e-06,15.255255255255255,0.0069229685965428445
15.295295295295293,9.637530368977309e-06,15.295295295295293,0.007087921060616509
15.335335335335335,1.0119999452038982e-05,15.335335335335335,0.007258857490635151
15.375375375375373,1.0629747918236522e-05,15.375375375375373,0.007436093381734565
15.415415415415415,1.1168799699368126e-05,15.415415415415415,0.007619967061371469
15.455455455455455,1.1739369799071116e-05,15.455455455455455,0.007810841807026847
15.495495495495495,1.2343886379368287e-05,15.495495495495495,0.008009108203484772
15.535535535535535,1.2985015897058706e-05,15.535535535535535,0.008215186774711114
15.575575575575575,1.3665691775702638e-05,15.575575575575575,0.008429530926850504
15.615615615615615,1.4389147201285084e-05,15.615615615615615,0.008652630247802051
15.655655655655655,1.5158952731826733e-05,15.655655655655655,0.00888501421398935
15.695695695695695,1.597905954897681e-05,15.695695695695695,0.009127256364514835
15.735735735735735,1.685384935258918e-05,15.735735735735735,0.009379979015113449
15.775775775775776,1.778819208164131e-05,15.775775775775776,0.009643858592482957
15.815815815815816,1.878751291911748e-05,15.815815815815816,0.009919631690301856
15.855855855855856,1.9857870322493188e-05,15.855855855855856,0.010208101961234561
15.895895895895896,2.1006047233844503e-05,15.895895895895896,0.010510147987602636
15.935935935935936,2.2239658061919913e-05,15.935935935935936,0.0108267322917861
15.975975975975976,2.3567274683943722e-05,15.975975975975976,0.011158911691726559
16.016016016016017,2.499857544287199e-05,16.016016016016017,0.011507849240580015
16.056056056056054,2.6544522090911392e-05,16.056056056056054,0.011874828041335661
16.096096096096097,2.8217570897103115e-05,16.096096096096097,0.012261267295773592
16.136136136136134,3.003192571473406e-05,16.136136136136134,0.012668741021590435
16.176176176176178,3.200384291186624e-05,16.176176176176178,0.013098999977588122
16.216216216216214,3.4152000773897406e-05,16.216216216216214,0.013553997461391631
16.256256256256258,3.6497949597764706e-05,16.256256256256258,0.014035919812137365
16.296296296296294,3.9066663469763865e-05,16.296296296296294,0.014547222661319026
16.336336336336338,4.1887221125047744e-05,16.336336336336338,0.015090674250000546
16.376376376376374,4.499365200039845e-05,16.376376376376374,0.01566940749657242
16.416416416416418,4.8425995456969836e-05,16.416416416416418,0.01628698297282405
16.456456456456454,5.223163765882832e-05,16.456456456456454,0.016947465592775046
16.496496496496498,5.6467013619624024e-05,16.496496496496498,0.017655518675352866
16.536536536536534,6.119979475916761e-05,16.536536536536534,0.0184165202348634
16.576576576576578,6.651172936974277e-05,16.576576576576578,0.019236707972776657
16.616616616616614,7.250237241605948e-05,16.616616616616614,0.02012336175036822
16.656656656656658,7.929404346556355e-05,16.656656656656658,0.02108503556963548
16.696696696696694,8.703850668670323e-05,16.696696696696694,0.022131855808421363
16.736736736736738,9.592610649708315e-05,16.736736736736738,0.02327590939409596
16.776776776776774,0.00010619847103814908,16.776776776776774,0.02453175600939339
16.816816816816818,0.00011816650913849271,16.816816816816818,0.025917114410153985
16.856856856856854,0.00013223644860335844,16.856856856856854,0.027453798061813472
16.896896896896898,0.0001489484224171389,16.896896896896898,0.029169015966861167
16.936936936936934,0.00016903524669483155,16.936936936936934,0.031097222397011848
16.976976976976978,0.00019351487162419978,16.976976976976978,0.03328281678860989
17.017017017017015,0.0002238413912527932,17.017017017017015,0.035784207409417235
17.057057057057058,0.0002621631108597456,17.057057057057058,0.03868015600828656
17.097097097097098,0.0003117885956991015,17.097097097097098,0.042080135483500314
17.137137137137138,0.00037808847894643324,17.137137137137138,0.046142204614369575
17.177177177177178,0.0004704031349325238,17.177177177177178,0.05110613565542366
17.217217217217218,0.00060659311300404,17.217217217217218,0.057360955033141536
17.257257257257255,0.0008259348596789369,17.257257257257255,0.06560258988570489
17.2972972972973,0.0012372036482952656,17.2972972972973,0.07728810730275981
17.33733733733734,0.0023275876089056315,17.33733733733734,0.0965786682191716
17.37737737737738,0.02974938282324773,17.37737737737738,0.14538244651721755
17.417417417417415,0.08309436429583042,17.417417417417415,0.13030735119972903
17.45745745745746,0.11036213635603684,17.45745745745746,0.1100191677965423
17.4974974974975,0.12875654235026152,17.4974974974975,0.08922607367318847
17.537537537537535,0.14172122668455361,17.537537537537535,0.06825898009136289
17.577577577577575,0.15064590245807782,17.577577577577575,0.047211413842338956
17.61761761761762,0.15621607331318055,17.61761761761762,0.026123071110044194
17.65765765765766,0.15878114032538648,17.65765765765766,0.005015787759127477
17.697697697697695,0.158485617605234,17.697697697697695,-0.011597398513950807
17.737737737737735,0.15531373892620462,17.737737737737735,-0.03269815410398991
17.77777777777778,0.1490848574022721,17.77777777777778,-0.053772152977403564
17.81781781781782,0.13939611526532267,17.81781781781782,-0.07479407565656437
17.857857857857855,0.12546209515934031,17.857857857857855,-0.09571522201735583
17.897897897897895,0.10565029793182346,17.897897897897895,-0.11641306372042948
17.93793793793794,0.07560706586260063,17.93793793793794,-0.13639381453887367
17.97797797797798,0.010618263587959436,17.97797797797798,-0.13605839189688318
18.018018018018015,0.0020913697839942814,18.018018018018015,-0.09383699559641023
18.058058058058055,0.0011996970248204348,18.058058058058055,-0.07678226059031701
18.0980980980981,0.0008263193928308536,18.0980980980981,-0.06598775694442516
18.13813813813814,0.0006188817755804132,18.13813813813814,-0.05823052401109763
18.178178178178175,0.00048706883816271177,18.178178178178175,-0.05227916979531244
18.218218218218215,0.0003963155092250887,18.218218218218215,-0.0475217515645987
18.25825825825826,0.0003303695751565986,18.25825825825826,-0.04360809147498301
18.2982982982983,0.0002805419898463976,18.2982982982983,-0.04031896204297958
18.338338338338335,0.00024175663460345928,18.338338338338335,-0.03750821241622937
18.378378378378375,0.0002108482634689884,18.378378378378375,-0.03507375023664139
18.41841841841842,0.0001857416979729712,18.41841841841842,-0.032941629231704184
18.45845845845846,0.0001650211216216702,18.45845845845846,-0.031056713450849927
18.498498498498495,0.00014768867870187897,18.498498498498495,-0.029376901940439737
18.538538538538536,0.0001330218126195208,18.538538538538536,-0.027869399864954403
18.57857857857858,0.00012048520050164484,18.57857857857858,-0.026508224430925154
18.61861861861862,0.00010967436713602745,18.61861861861862,-0.025272486461146215
18.658658658658656,0.0001002784421273435,18.658658658658656,-0.024145176038270932
18.698698698698696,9.205489267996797e-05,18.698698698698696,-0.023112285372514307
18.73873873873874,8.481197584249813e-05,18.73873873873874,-0.022162163014037617
18.77877877877878,7.839629874400577e-05,18.77877877877878,-0.0212850303226908
18.818818818818816,7.268383752402066e-05,18.818818818818816,-0.02047261395257216
18.85885885885886,6.757334681311731e-05,18.85885885885886,-0.01971786275119669
18.8988988988989,6.298145199666377e-05,18.8988988988989,-0.01901472702768281
18.93893893893894,5.883894582782651e-05,18.93893893893894,-0.01835798455875093
18.978978978978976,5.5087959928528264e-05,18.978978978978976,-0.01774310205945362
19.01901901901902,5.1679780574861046e-05,19.01901901901902,-0.017166123880334894
19.05905905905906,4.8573144873771505e-05,19.05905905905906,-0.016623581826410216
19.0990990990991,4.5732899258619977e-05,19.0990990990991,-0.016112421524518084
19.139139139139136,4.3128934118469124e-05,19.139139139139136,-0.015629941868336772
19.17917917917918,4.073533096287914e-05,19.17917917917918,-0.015173744889251495
19.21921921921922,3.8529674627735006e-05,19.21921921921922,-0.014741693998255201
19.25925925925926,3.6492494747069216e-05,19.25925925925926,-0.014331879002195791
19.299299299299296,3.460680924294735e-05,19.299299299299296,-0.01394258663436787
19.33933933933934,3.285774893907684e-05,19.33933933933934,-0.013572275605685746
19.37937937937938,3.1232247116797906e-05,19.37937937937938,-0.013219555381247972
19.41941941941942,2.9718781403271274e-05,19.41941941941942,-0.012883168045719984
19.459459459459456,2.8307158078860317e-05,19.459459459459456,-0.012561972741060856
19.4994994994995,2.6988330974590975e-05,19.4994994994995,-0.012254932259143203
19.53953953953954,2.5754248723686406e-05,19.53953953953954,-0.011961101446743783
19.57957957957958,2.459772537481567e-05,19.57957957957958,-0.011679617141640009
19.619619619619616,2.3512330342693576e-05,19.619619619619616,-0.011409689406379542
19.65965965965966,2.2492294461384354e-05,19.65965965965966,-0.011150593871784409
19.6996996996997,2.153242946608411e-05,19.6996996996997,-0.010901665023380858
19.73973973973974,2.0628058757425974e-05,19.73973973973974,-0.010662290301000965
19.779779779779776,1.9774957664310446e-05,19.779779779779776,-0.010431904897497901
19.81981981981982,1.8969301735046427e-05,19.81981981981982,-0.010209987160720857
19.85985985985986,1.820762184446276e-05,19.85985985985986,-0.0099960545191351
19.8998998998999,1.7486765101409896e-05,19.8998998998999,-0.009789659861692002
19.939939939939936,1.6803860715316424e-05,19.939939939939936,-0.009590388314565601
19.97997997997998,1.6156290109549908e-05,19.97997997997998,-0.009397854363848879
20.02002002002002,1.5541660687743656e-05,20.02002002002002,-0.009211699281969743
20.06006006006006,1.4957782748880807e-05,20.06006006006006,-0.00903158882069377
20.100100100100097,1.4402649125470554e-05,20.100100100100097,-0.008857211139069676
20.14014014014014,1.3874417181513818e-05,20.14014014014014,-0.008688274938371876
20.18018018018018,1.3371392864486905e-05,20.18018018018018,-0.008524507781045187
20.22022022022022,1.2892016542963205e-05,20.22022022022022,-0.00836565457140992
20.260260260260257,1.2434850407827894e-05,20.260260260260257,-0.008211476181205768
20.3003003003003,1.1998567242623576e-05,20.3003003003003,-0.008061748204056585
20.34034034034034,1.1581940391808786e-05,20.34034034034034,-0.007916259823753435
20.38038038038038,1.1183834788060405e-05,20.38038038038038,-0.00777481278591452
20.420420420420417,1.0803198908482768e-05,20.420420420420417,-0.007637220460694039
20.46046046046046,1.0439057554717177e-05,20.46046046046046,-0.007503306988215996
20.5005005005005,1.0090505359983386e-05,20.5005005005005,-0.00737290649751543
20.54054054054054,9.75670094284899e-06,20.54054054054054,-0.007245862392270652
20.58058058058058,9.436861633852194e-06,20.58058058058058,-0.007122026696041672
20.62062062062062,9.130258714638677e-06,20.62062062062062,-0.007001259452049879
20.66066066066066,8.836213111250782e-06,20.66066066066066,-0.006883428171127193
20.7007007007007,8.554091496764185e-06,20.7007007007007,-0.006768407324457826
20.74074074074074,8.283302757794084e-06,20.74074074074074,-0.0066560778758670835
20.78078078078078,8.023294789401888e-06,20.78078078078078,-0.006546326850697781
20.82082082082082,7.773551584041877e-06,20.82082082082082,-0.006439046937364523
20.86086086086086,7.5335905867358714e-06,20.86086086086086,-0.006334136119143352
20.9009009009009,7.3029602892715414e-06,20.9009009009009,-0.006231497332850111
20.94094094094094,7.081238042420772e-06,20.94094094094094,-0.0061310381526880064
20.98098098098098,6.868028064173099e-06,20.98098098098098,-0.006032670496256998
21.02102102102102,6.662959628265033e-06,21.02102102102102,-0.005936310351520646
21.06106106106106,6.465685415631573e-06,21.06106106106106,-0.005841877522223982
21.1011011011011,6.275880016528863e-06,21.1011011011011,-0.005749295390652165
21.14114114114114,6.0932385699020986e-06,21.14114114114114,-0.00565849069573332
21.18118118118118,5.917475530835877e-06,21.18118118118118,-0.00556939332558315
21.22122122122122,5.748323555666932e-06,21.22122122122122,-0.005481936122681219
21.26126126126126,5.585532498264458e-06,21.26126126126126,-0.005396054701044761
21.3013013013013,5.428868509865185e-06,21.3013013013013,-0.005311687273817256
21.34134134134134,5.278113237774246e-06,21.34134134134134,-0.005228774490618093
21.38138138138138,5.133063118263701e-06,21.38138138138138,-0.00514725928336901
21.42142142142142,4.9935287612956104e-06,21.42142142142142,-0.005067086720080383
21.46146146146146,4.8593344236570225e-06,21.46146146146146,-0.004988203865071483
21.501501501501497,4.730317572148798e-06,21.501501501501497,-0.004910559645731283
21.54154154154154,4.606328535019383e-06,21.54154154154154,-0.0048341047240256785
21.58158158158158,4.487230244853632e-06,21.58158158158158,-0.00475879137245272
21.62162162162162,4.3728980764125985e-06,21.62162162162162,-0.0046845733536056144
21.661661661661658,4.26321978415356e-06,21.661661661661658,-0.004611405802279478
21.7017017017017,4.158095547283393e-06,21.7017017017017,-0.004539245109468126
21.74174174174174,4.0574381315102576e-06,21.74174174174174,-0.004468048807131808
21.78178178178178,3.961173180318852e-06,21.78178178178178,-0.0043977754528725654
21.821821821821818,3.869239651446785e-06,21.821821821821818,-0.004328384513318184
21.86186186186186,3.781590418775512e-06,21.86186186186186,-0.004259836245154247
21.9019019019019,3.6981930643100944e-06,21.9019019019019,-0.004192091572187806
21.94194194194194,3.6189843089502564e-06,21.94194194194194,-0.004125111957236527
21.981981981981978,3.544058746449835e-06,21.981981981981978,-0.00405885926635996
22.02202202202202,3.4733874867708993e-06,22.02202202202202,-0.003993295624553639
22.06206206206206,3.4070099467517316e-06,22.06206206206206,-0.003928383258884338
22.1021021021021,3.3449884817775104e-06,22.1021021021021,-0.003864084327144468
22.142142142142138,3.2874113341631664e-06,22.142142142142138,-0.003800360727991503
22.18218218218218,3.234396250287753e-06,22.18218218218218,-0.0037371738882185923
22.22222222222222,3.186094923906483e-06,22.22222222222222,-0.003674484521829058
22.26226226226226,3.142698467573958e-06,22.26226226226226,-0.0036122523540704776
22.302302302302305,3.1044441731907166e-06,22.302302302302305,-0.0035504358022517835
22.34234234234234,3.0716239009668037e-06,22.34234234234234,-0.0034889916028131296
22.38238238238238,3.0445945414462466e-06,22.38238238238238,-0.0034278743712174986
22.42242242242242,3.023791138531424e-06,22.42242242242242,-0.0033670360780693187
22.462462462462465,3.009743456700714e-06,22.462462462462465,-0.0033064254192840536
22.5025025025025,3.00309704676701e-06,22.5025025025025,-0.003245987052121535
22.54254254254254,3.0046402430899087e-06,22.54254254254254,-0.003185660659847045
22.58258258258258,3.015339061449799e-06,22.58258258258258,-0.0031253797956960483
22.62262262262262,3.036382734782333e-06,22.62262262262262,-0.0030650704402681583
22.66266266266266,3.0692437412707316e-06,22.66266266266266,-0.0030046491828379374
22.7027027027027,3.1157578242284323e-06,22.7027027027027,-0.0029440209043638532
22.74274274274274,3.1782319708777845e-06,22.74274274274274,-0.002883075791888956
22.782782782782782,3.259592073809499e-06,22.782782782782782,-0.002821685445095312
22.822822822822822,3.363587838214454e-06,22.822822822822822,-0.002759697731972821
22.862862862862862,3.4950817502771812e-06,22.862862862862862,-0.002696929895074973
22.902902902902902,3.6604639330954473e-06,22.902902902902902,-0.002633159168437871
22.942942942942942,3.868259671952097e-06,22.942942942942942,-0.002568109785331174
22.982982982982982,4.130039070611522e-06,22.982982982982982,-0.002501434641420275
23.023023023023022,4.461813586140173e-06,23.023023023023022,-0.0024326888540890934
23.063063063063062,4.886241765971345e-06,23.063063063063062,-0.0023612907003496275
23.103103103103102,5.436228145274096e-06,23.103103103103102,-0.00228646228791618
23.143143143143142,6.161020220430552e-06,23.143143143143142,-0.0022071365159330725
23.183183183183182,7.137084009391833e-06,23.183183183183182,-0.002121805619266226
23.223223223223222,8.487928615566985e-06,23.223223223223222,-0.0020282634394916954
23.263263263263262,1.0424574756328232e-05,23.263263263263262,-0.0019231428260226835
23.303303303303302,1.33312719409074e-05,23.303303303303302,-0.0018010287448753104
23.343343343343342,1.7969803615870087e-05,23.343343343343342,-0.001652610114682318
23.383383383383382,2.6032937549445682e-05,23.383383383383382,-0.0014603823084780032
23.423423423423422,4.1949468378509915e-05,23.423423423423422,-0.0011870160377611683
23.463463463463462,8.071431434761604e-05,23.463463463463462,-0.0007358033443303214
23.503503503503502,0.00022556616198133542,23.503503503503502,0.000250175631611782
23.543543543543542,0.00340631119498934,23.543543543543542,0.004659270359486101
23.583583583583582,0.0068498609153496,23.583583583583582,-0.0067596458209777666
23.623623623623622,0.0002983430404706355,23.623623623623622,-0.003343655824357583
23.663663663663662,9.480444815950385e-05,23.663663663663662,-0.0021407800722776926
23.703703703703702,4.7159472661866854e-05,23.703703703703702,-0.0016348160436887582
23.743743743743742,2.8582106648931092e-05,23.743743743743742,-0.0013402235615060931
23.783783783783782,1.9418637229038846e-05,23.783783783783782,-0.001138213930451215
23.823823823823822,1.4225232983811585e-05,23.823823823823822,-0.0009850987053567906
23.863863863863862,1.0996796698557049e-05,23.863863863863862,-0.0008609813725506399
23.903903903903903,8.85266107598405e-06,23.903903903903903,-0.000755487283605305
23.943943943943943,7.356171588083181e-06,23.943943943943943,-0.000662670660000586
23.983983983983983,6.270632379254924e-06,23.983983983983983,-0.0005788763702625488
24.024024024024026,5.458628852139484e-06,24.024024024024026,-0.0005017319822790967
24.064064064064063,4.835914420575627e-06,24.064064064064063,-0.00042962921848221924
24.104104104104103,4.348492124050651e-06,24.104104104104103,-0.00036143824576839734
24.144144144144143,3.9604506696868e-06,24.144144144144143,-0.0002963412856917813
24.184184184184186,3.6471494452420573e-06,24.184184184184186,-0.00023373117581648728
24.224224224224223,3.391223018646243e-06,24.224224224224223,-0.00017314710219373808
24.264264264264263,3.180146285397187e-06,24.264264264264263,-0.00011423252249009863
24.304304304304303,3.004700338581426e-06,24.304304304304303,-5.670682508274183e-05
24.344344344344346,2.8579773277571247e-06,24.344344344344346,-3.457612471891025e-07
24.384384384384383,2.7347182049862646e-06,24.384384384384383,5.503236341475315e-05
24.424424424424423,2.6308618821307625e-06,24.424424424424423,0.00010957662394694978
24.464464464464463,2.5432320203172716e-06,24.464464464464463,0.0001634107491153003
24.504504504504506,2.469315432639379e-06,24.504504504504506,0.00021663852930942085
24.544544544544543,2.4071026972472508e-06,24.544544544544543,0.00026934789492116806
24.584584584584583,2.3549717874048713e-06,24.584584584584583,0.0003216140316357752
24.624624624624623,2.3116019395781097e-06,24.624624624624623,0.000373501788269337
24.664664664664667,2.275909099604123e-06,24.664664664664667,0.00042506755787741213
24.704704704704703,2.2469969808316774e-06,24.704704704704703,0.00047636076203438904
24.744744744744743,2.224119562336483e-06,24.744744744744743,0.000527425032815998
24.784784784784783,2.20665206934062e-06,24.784784784784783,0.0005782991621305911
24.824824824824827,2.1940683112065852e-06,24.824824824824827,0.0006290178701142679
24.864864864864863,2.1859228335452917e-06,24.864864864864863,0.0006796124319716768
24.904904904904903,2.1818367497896535e-06,24.904904904904903,0.0007301111926416581
24.944944944944943,2.1814864101621194e-06,24.944944944944943,0.0007805399922968803
24.984984984984987,2.1845942767941343e-06,24.984984984984987,0.0008309225202705051
25.025025025025023,2.1909215274606812e-06,25.025025025025023,0.0008812806111020421
25.065065065065063,2.2002620237416247e-06,25.065065065065063,0.0009316344936607379
25.105105105105103,2.2124373635734433e-06,25.105105105105103,0.0009820030017735348
25.145145145145147,2.2272928011960944e-06,25.145145145145147,0.0010324037532942754
25.185185185185183,2.244693865432329e-06,25.185185185185183,0.0010828533030977638
25.225225225225223,2.264523542779527e-06,25.225225225225223,0.0011333672741944412
25.265265265265263,2.2866799211217897e-06,25.265265265265263,0.001183960470951817
25.305305305305307,2.311074209596e-06,25.305305305305307,0.0012346469769521917
25.345345345345343,2.337629068478557e-06,25.345345345345343,0.0012854402401671905
25.385385385385383,2.366277194945556e-06,25.385385385385383,0.0013363531472698753
25.425425425425423,2.3969601213361634e-06,25.425425425425423,0.0013873980887559867
25.465465465465467,2.429627190882102e-06,25.465465465465467,0.001438587016297177
25.505505505505504,2.464234681778983e-06,25.505505505505504,0.0014899314933671803
25.545545545545544,2.500745056328163e-06,25.545545545545544,0.0015414427402031805
25.585585585585584,2.539126315477362e-06,25.585585585585584,0.0015931316737756163
25.625625625625627,2.579351442998784e-06,25.625625625625627,0.0016450089436048643
25.665665665665664,2.6213979256411828e-06,25.665665665665664,0.0016970849638333618
25.705705705705704,2.6652473386801386e-06,25.705705705705704,0.0017493699421944342
25.745745745745747,2.7108849869994338e-06,25.745745745745747,0.0018018739061762545
25.785785785785787,2.75829959473688e-06,25.785785785785787,0.0018546067268694344
25.825825825825824,2.8074830361393688e-06,25.825825825825824,0.00190757814064213
25.865865865865864,2.8584301029780865e-06,25.865865865865864,0.0019607977691062928
25.905905905905907,2.9111383034103634e-06,25.905905905905907,0.0020142751374443435
25.945945945945947,2.9656076883711503e-06,25.945945945945947,0.0020680196913840376
25.985985985985984,3.021840702661753e-06,25.985985985985984,0.002122040813009818
26.026026026026024,3.079842057392146e-06,26.026026026026024,0.0021763478354817067
26.066066066066067,3.1396186219389242e-06,26.066066066066067,0.0022309500569317464
26.106106106106107,3.2011793329187258e-06,26.106106106106107,0.0022858567535166685
26.146146146146144,3.264535119095087e-06,26.146146146146144,0.0023410771918932483
26.186186186186184,3.3296988402051544e-06,26.186186186186184,0.0023966206410364066
26.226226226226228,3.3966852391489714e-06,26.226226226226228,0.002452496383673619
26.266266266266268,3.4655109060750637e-06,26.266266266266268,0.0025087137272645776
26.306306306306304,3.5361942540600502e-06,26.306306306306304,0.0025652820147339384
26.346346346346344,3.608755505347082e-06,26.346346346346344,0.0026222106348843255
26.386386386386388,3.6832166879631305e-06,26.386386386386388,0.002679509032683214
26.426426426426428,3.7596016426943123e-06,26.426426426426428,0.002737186719464546
26.466466466466464,3.837936039326802e-06,26.466466466466464,0.0027952532829846888
26.506506506506504,3.91824740335377e-06,26.506506506506504,0.002853718397593852
26.546546546546548,4.000565152058929e-06,26.546546546546548,0.002912591834370204
26.586586586586584,4.084920641193174e-06,26.586586586586584,0.0029718834714724807
26.626626626626624,4.171347221701774e-06,26.626626626626624,0.003031603304583186
26.666666666666664,4.259880307771937e-06,26.666666666666664,0.0030917614576839725
26.706706706706708,4.3505574561352595e-06,26.706706706706708,0.003152368194038857
26.746746746746744,4.443418458004601e-06,26.746746746746744,0.0032134339276499446
26.786786786786784,4.538505443955464e-06,26.786786786786784,0.0032749692350524384
26.826826826826824,4.635863003451483e-06,26.826826826826824,0.0033369848676834124
26.866866866866868,4.735538320136366e-06,26.866866866866868,0.0033994917648616507
26.906906906906904,4.837581324028135e-06,26.906906906906904,0.003462501067350132
26.946946946946944,4.9420448634978666e-06,26.946946946946944,0.003526024131835115
26.986986986986985,5.048984897675687e-06,26.986986986986985,0.0035900725461210925
27.027027027027028,5.15846071337837e-06,27.027027027027028,0.0036546581454750537
27.067067067067065,5.27053516878118e-06,27.067067067067065,0.0037197930301147153
27.107107107107105,5.385274965625467e-06,27.107107107107105,0.003785489583668422
27.147147147147145,5.502750957521972e-06,27.147147147147145,0.003851760493507328
27.187187187187188,5.623038495407122e-06,27.187187187187188,0.003918618772424054
27.227227227227225,5.746217817240856e-06,27.227227227227225,0.003986077782203168
27.267267267267265,5.872374488246051e-06,27.267267267267265,0.0040541512593410545
27.307307307307305,6.0015998982415955e-06,27.307307307307305,0.0041228533430412995
27.34734734734735,6.1339918250996606e-06,27.34734734734735,0.004192198605842634
27.387387387387385,6.269655075935056e-06,27.387387387387385,0.004262202087558009
27.427427427427425,6.408702214595781e-06,27.427427427427425,0.004332879332233475
27.46746746746747,6.551254393931307e-06,27.46746746746747,0.004404246429457359
27.50750750750751,6.697442306586709e-06,27.50750750750751,0.0044763200599078345
27.547547547547545,6.847407276751316e-06,27.547547547547545,0.004549117546277515
27.587587587587585,7.00130251544322e-06,27.587587587587585,0.004622656909996081
27.62762762762763,7.1592945702892395e-06,27.62762762762763,0.004696956934944652
27.66766766766767,7.32156500323107e-06,27.66766766766767,0.004772037239014537
27.707707707707705,7.488312340432103e-06,27.707707707707705,0.004847918354998981
27.747747747747745,7.65975434484584e-06,27.747747747747745,0.004924621822077313
27.78778778778779,7.836130675958116e-06,27.78778778778779,0.00500217028999117
27.82782782782783,8.017706013539651e-06,27.82782782782783,0.005080587637824152
27.867867867867865,8.204773741804939e-06,27.867867867867865,0.005159899110143584
27.907907907907905,8.397660312573548e-06,27.907907907907905,0.005240131473657428
27.94794794794795,8.59673043461344e-06,27.94794794794795,0.005321313198033195
27.98798798798799,8.802393275842042e-06,27.98798798798799,0.005403474665881092
28.028028028028025,9.015109909728258e-06,28.028028028028025,0.0054866484172517715
28.068068068068065,9.235402303414339e-06,28.068068068068065,0.005570869436095194
28.10810810810811,9.463864223072799e-06,28.10810810810811,0.005656175487143145
28.14814814814815,9.701174541884398e-06,28.14814814814815,0.005742607514397591
28.188188188188185,9.948113576824236e-06,28.188188188188185,0.005830210114941892
28.228228228228225,1.0205583270006188e-05,28.228228228228225,0.005919032105330402
28.26826826826827,1.0474632289232157e-05,28.26826826826827,0.0060091272030913245
28.30830830830831,1.0756487467833246e-05,28.30830830830831,0.0061005548514483365
28.348348348348345,1.105259348788655e-05,28.348348348348345,0.006193381224514738
28.388388388388385,1.1364663373899901e-05,28.388388388388385,0.006287680460751233
28.42842842842843,1.1694743305581609e-05,28.42842842842843,0.006383536188485195
28.46846846846847,1.204529658908448e-05,28.46846846846847,0.006481043427799094
28.508508508508505,1.2419313548276377e-05,28.508508508508505,0.006580310982265303
28.548548548548546,1.2820456909489603e-05,28.548548548548546,0.006681464475523313
28.58858858858859,1.3253256417416343e-05,28.58858858858859,0.006784650245492685
28.62862862862863,1.3723372711167692e-05,28.62862862862863,0.006890040394036845
28.668668668668666,1.4237960140672107e-05,28.668668668668666,0.0069978394138150435
28.708708708708706,1.4806173330357032e-05,28.708708708708706,0.007108293000451127
28.74874874874875,1.543988647953031e-05,28.74874874874875,0.007221699940787474
28.78878878878879,1.6154734029221948e-05,28.78878878878879,0.007338428410310627
28.828828828828826,1.6971647965378575e-05,28.828828828828826,0.00745893871558323
28.868868868868866,1.79191824379709e-05,28.868868868868866,0.007583815669002902
28.90890890890891,1.903712289238243e-05,28.90890890890891,0.007713815723255024
28.94894894894895,2.0382260416997207e-05,28.94894894894895,0.007849937369867277
28.988988988988986,2.203795506755101e-05,28.988988988988986,0.007993529413219846
29.029029029029026,2.4130623808097003e-05,29.029029029029026,0.008146463265616077
29.06906906906907,2.68595455687453e-05,29.06906906906907,0.008311418312885621
29.10910910910911,3.0553883428208195e-05,29.10910910910911,0.008492377690465958
29.149149149149146,3.5789604294940956e-05,29.149149149149146,0.00869554119274163
29.18918918918919,4.3650955311409084e-05,29.18918918918919,0.008931132642846507
29.22922922922923,5.638483791105611e-05,29.22922922922923,0.009217327582739188
29.26926926926927,7.930872002228587e-05,29.26926926926927,0.009589925556252155
29.309309309309306,0.0001277623468289883,29.309309309309306,0.010130828578210682
29.34934934934935,0.00026375422074146476,29.34934934934935,0.01107935647492475
29.38938938938939,0.0010404783835016038,29.38938938938939,0.013583334861069218
29.42942942942943,0.011361435540554882,29.42942942942943,0.011757076837096037
29.469469469469466,0.003275581196500739,29.469469469469466,0.0076406072787698065
29.50950950950951,0.000400982372359175,29.50950950950951,0.012057740620203816
29.54954954954955,0.00016637207648637076,29.54954954954955,0.01335434168601246
29.58958958958959,9.734638316852805e-05,29.58958958958959,0.014018528745488368
29.629629629629626,6.781973766250508e-05,29.629629629629626,0.01445592928193129
29.66966966966967,5.2584084410419243e-05,29.66966966966967,0.01478645803062939
29.70970970970971,4.378745112844015e-05,29.70970970970971,0.015058521219543763
29.74974974974975,3.832476298352896e-05,29.74974974974975,0.015295476013843512
29.789789789789786,3.476453340284236e-05,29.789789789789786,0.015510003387555926
29.82982982982983,3.237147105340614e-05,29.82982982982983,0.01570959636141467
29.86986986986987,3.073613112383484e-05,29.86986986986987,0.015898976437894063
29.90990990990991,2.9615753376090008e-05,29.90990990990991,0.016081274034146276
29.949949949949946,2.885899757951345e-05,29.949949949949946,0.016258652915748684
29.98998998998999,2.83675649249927e-05,29.98998998998999,0.016432662062168646
30.03003003003003,2.80753939744232e-05,30.03003003003003,0.016604444418661046
30.07007007007007,2.7936796895155006e-05,30.07007007007007,0.016774866165985003
30.110110110110107,2.791939849144942e-05,30.110110110110107,0.016944599727438003
30.15015015015015,2.799977719014548e-05,30.15015015015015,0.01711417875548804
30.19019019019019,2.816068751096759e-05,30.19019019019019,0.017284035557054267
30.23023023023023,2.8389240596111802e-05,30.23023023023023,0.01745452717912599
30.270270270270267,2.8675682911323552e-05,30.270270270270267,0.017625953979916176
30.31031031031031,2.9012558525212326e-05,30.31031031031031,0.017798573102627557
30.35035035035035,2.939412328481234e-05,30.35035035035035,0.01797260842097259
30.39039039039039,2.9815927985653475e-05,30.39039039039039,0.018148257996600137
30.430430430430427,3.0274517125470322e-05,30.430430430430427,0.018325699752274716
30.47047047047047,3.07672081148163e-05,30.47047047047047,0.01850509584758342
30.51051051051051,3.1291927392564783e-05,30.51051051051051,0.018686596096724628
30.550550550550547,3.1847087390088e-05,30.550550550550547,0.01887034067184601
30.590590590590587,3.243149321885408e-05,30.590590590590587,0.019056462267013075
30.63063063063063,3.3044271258212375e-05,30.63063063063063,0.019245087850368492
30.67067067067067,3.3684814078694184e-05,30.67067067067067,0.01943634010071449
30.710710710710707,3.435273767818641e-05,30.710710710710707,0.019630338598350505
30.750750750750747,3.504784810674528e-05,30.750750750750747,0.019827200825218938
30.79079079079079,3.577011531992469e-05,30.79079079079079,0.02002704301535374
30.83083083083083,3.651965264869859e-05,30.83083083083083,0.02022998088637351
30.870870870870867,3.729670068913088e-05,30.870870870870867,0.02043613027873903
30.91091091091091,3.8101614694786845e-05,30.91091091091091,0.0206456077213808
30.95095095095095,3.893485477424793e-05,30.95095095095095,0.02085853093893064
30.99099099099099,3.979697836557945e-05,30.99099099099099,0.02107501931392264
31.031031031031027,4.0688634574366674e-05,31.031031031031027,0.021295194313712074
31.07107107107107,4.161056005565298e-05,31.07107107107107,0.021519179890077567
31.11111111111111,4.256357619846288e-05,31.11111111111111,0.02174710285947512
31.15115115115115,4.354858741317455e-05,31.15115115115115,0.021979093268083005
31.191191191191187,4.456658038396594e-05,31.191191191191187,0.0222152847486079
31.23123123123123,4.561862416335369e-05,31.23123123123123,0.02245581487141024
31.27127127127127,4.670587102485486e-05,31.27127127127127,0.02270082549434349
31.31131131131131,4.7829558012387266e-05,31.31131131131131,0.02295046311515847
31.351351351351347,4.899100913193736e-05,31.351351351351347,0.02320487922834147
31.39139139139139,5.019163816090237e-05,31.39139139139139,0.0234642306903865
31.43143143143143,5.143295205289715e-05,31.43143143143143,0.023728680095750576
31.47147147147147,5.271655492528494e-05,31.47147147147147,0.023998396165282543
31.511511511511507,5.4044152641134595e-05,31.511511511511507,0.024273554151392318
31.55155155155155,5.541755798264131e-05,31.55155155155155,0.024554336260351306
31.59159159159159,5.6838696447673864e-05,31.59159159159159,0.02484093209638516
31.63163163163163,5.830961268196103e-05,31.63163163163163,0.025133539128045612
31.671671671671668,5.983247759354729e-05,31.671671671671668,0.025432363181614903
31.71171171171171,6.140959618301366e-05,31.71171171171171,0.025737618963031395
31.75175175175175,6.304341613358119e-05,31.75175175175175,0.02604953061074866
31.79179179179179,6.473653724498908e-05,31.79179179179179,0.026368332286519802
31.831831831831828,6.649172173279951e-05,31.831831831831828,0.02669426880092729
31.87187187187187,6.831190551377479e-05,31.87187187187187,0.027027596284028732
31.91191191191191,7.020021053889911e-05,31.91191191191191,0.02736858290148092
31.95195195195195,7.215995827393115e-05,31.95195195195195,0.02771750962080688
31.991991991991988,7.419468444031744e-05,31.991991991991988,0.028074671033063936
32.032032032032035,7.630815515769114e-05,32.032032032032035,0.028440376237444553
32.07207207207207,7.850438458412677e-05,32.07207207207207,0.028814949788348088
32.11211211211211,8.07876542662702e-05,32.11211211211211,0.029198732718917597
32.15215215215215,8.316253433440259e-05,32.15215215215215,0.029592083641979627
32.192192192192195,8.56339067728841e-05,32.192192192192195,0.02999537994017132
32.23223223223223,8.82069909704658e-05,32.23223223223223,0.030409019050750885
32.27227227227227,9.088737182395227e-05,32.27227227227227,0.030833419856996613
32.31231231231231,9.368103068029075e-05,32.31231231231231,0.03126902419581867
32.352352352352355,9.659437943822843e-05,32.352352352352355,0.03171629849255453
32.39239239239239,9.963429820181603e-05,32.39239239239239,0.03217573553829922
32.43243243243243,0.00010280817689144617,32.43243243243243,0.03264785642206647
32.472472472472475,0.00010612396131334714,32.472472472472475,0.03313321263628666
32.512512512512515,0.00010959020423660648,32.512512512512515,0.03363238837360072
32.55255255255255,0.00011321612210183317,32.55255255255255,0.03414600303464255
32.59259259259259,0.00011701165811173111,32.59259259259259,0.03467471397328481
32.632632632632635,0.00012098755250312954,32.632632632632635,0.035219219501584575
32.672672672672675,0.00012515542102683845,32.672672672672675,0.03578026219227226
32.71271271271271,0.0001295278426399404,32.71271271271271,0.036358632500402166
32.75275275275275,0.00013411845782550658,32.75275275275275,0.03695517275822624
32.792792792792795,0.000138942078929399,32.792792792792795,0.03757078157559235
32.832832832832835,0.00014401481430547942,32.832832832832835,0.038206418702827705
32.87287287287287,0.00014935420828876816,32.87287287287287,0.0388631104132422
32.91291291291291,0.00015497939934494293,32.91291291291291,0.03954195546926087
32.952952952952955,0.00016091129922598743,32.952952952952955,0.04024413175370967
32.992992992992995,0.00016717279636550668,32.992992992992995,0.04097090364985334
33.03303303303303,0.00017378898743417633,33.03303303303303,0.04172363027737802
33.07307307307307,0.00018078744162918284,33.07307307307307,0.04250377470111388
33.113113113113116,0.00018819850316825672,33.113113113113116,0.0433129142513593
33.153153153153156,0.00019605563855317008,33.153153153153156,0.0441527521210503
33.19319319319319,0.00020439583639973464,33.19319319319319,0.04502513042626077
33.23323323323323,0.00021326006931984224,33.23323323323323,0.045932044958519214
33.273273273273276,0.00022269382926386454,33.273273273273276,0.04687566189293335
33.313313313313316,0.00023274775017462484,33.313313313313316,0.04785833676422513
33.35335335335335,0.00024347833495413224,33.35335335335335,0.048882636090596066
33.39339339339339,0.0002549488075109813,33.39339339339339,0.049951362091206875
33.433433433433436,0.00026723011553252563,33.433433433433436,0.05106758103537601
33.473473473473476,0.00028040211589183597,33.473473473473476,0.052234655880926795
33.51351351351351,0.0002945549823493024,33.51351351351351,0.053456283985848785
33.55355355355355,0.00030979088557168185,33.55355355355355,0.054736540867278194
33.593593593593596,0.00032622600857933493,33.593593593593596,0.05607993119160781
33.633633633633636,0.00034399297802783276,33.633633633633636,0.05749144846054577
33.67367367367367,0.000363243814684445,33.67367367367367,0.05897664522676038
33.71371371371371,0.0003841535365802333,33.71371371371371,0.06054171611620873
33.753753753753756,0.00040692458936271523,33.753753753753756,0.0621935965521061
33.793793793793796,0.0004317923336641504,33.793793793793796,0.06394008085300484
33.83383383383383,0.0004590318952878104,33.83383383383383,0.0657899644140656
33.87387387387387,0.0004889667900260849,33.87387387387387,0.0677532160950598
33.913913913913916,0.000521979883282904,33.913913913913916,0.06984118879744017
33.953953953953956,0.0005585274577250294,33.953953953953956,0.07206687883990526
33.99399399399399,0.0005991574689914753,33.99399399399399,0.07444524827054622
34.03403403403403,0.0006445335248688802,34.03403403403403,0.07699362941339416
34.074074074074076,0.000695466802637777,34.074074074074076,0.07973223809304386
34.114114114114116,0.0007529591635705175,34.114114114114116,0.08268483261766235
34.15415415415415,0.0008182623570423021,34.15415415415415,0.08587957128834134
34.194194194194196,0.000892960830245185,34.194194194194196,0.08935014506382188
34.234234234234236,0.0009790899903437365,34.234234234234236,0.09313729909245438
34.274274274274276,0.0010793091515929254,34.274274274274276,0.09729091635205833
34.31431431431431,0.00119716144166245,34.31431431431431,0.10187293457630275
34.354354354354356,0.0013374769683492478,34.354354354354356,0.10696153561089972
34.394394394394396,0.0015070219863848686,34.394394394394396,0.11265734594041277
34.434434434434436,0.0017155918385595862,34.434434434434436,0.11909294882979182
34.47447447447447,0.0019779537449067615,34.47447447447447,0.12644812591197407
34.51451451451451,0.0023175421451289884,34.51451451451451,0.1349756343270485
34.55455455455455,0.0027741260205496098,34.55455455455455,0.14504791194989508
34.5945945945946,0.003421679517842807,34.5945945945946,0.1572497877739174
34.63463463463464,0.004417503658347573,34.63463463463464,0.1725874881785181
34.67467467467468,0.006176829388066948,34.67467467467468,0.19305946569673083
34.71471471471472,0.010377142928260898,34.71471471471472,0.22382159027974424
34.75475475475476,0.04062831871277265,34.75475475475476,0.28161984722829914
34.79479479479479,0.11318010545909586,34.79479479479479,0.2842048058656026
34.83483483483483,0.15651494980805986,34.83483483483483,0.267191232452614
34.87487487487487,0.18830500694307684,34.87487487487487,0.24793834681663185
34.91491491491492,0.21352692832913625,34.91491491491492,0.22792177456587837
34.95495495495496,0.23424226955857672,34.95495495495496,0.2075386435818558
34.994994994995,0.25153668307504323,34.994994994995,0.18694717687375473
35.03503503503504,0.2660620976074789,35.03503503503504,0.1662248776212678
35.07507507507507,0.27824298593513824,35.07507507507507,0.1454150505189702
35.11511511511511,0.2883704967919981,35.11511511511511,0.12454427447282512
35.15515515515515,0.29665090562560986,35.15515515515515,0.10363010135579387
35.19519519519519,0.30323273733119904,35.19519519519519,0.08268486204002556
35.23523523523524,0.3082228638992572,35.23523523523524,0.06171772517792462
35.27527527527528,0.31169641193938435,35.27527527527528,0.04073590039033448
35.31531531531532,0.31370292538576394,35.31531531531532,0.01974539640352546
35.35535535535536,0.31427007962300274,35.35535535535536,0.009050008263699283
35.39539539539539,0.31340563823012774,35.39539539539539,-0.011942152148595397
35.43543543543543,0.31109798759924634,35.43543543543543,-0.03292750650447118
35.47547547547547,0.3073153375104772,35.47547547547547,-0.05390051964815967
35.51551551551551,0.3020034555900727,35.51551551551551,-0.074854806002989
35.55555555555556,0.29508154265092185,35.55555555555556,-0.09578255168697325
35.5955955955956,0.2864354655440215,35.5955955955956,-0.11667365159621212
35.63563563563564,0.2759068838397055,35.63563563563564,-0.13751431494877053
35.67567567567568,0.2632754915151093,35.67567567567568,-0.15828464081189608
35.71571571571571,0.2482288113065694,35.71571571571571,-0.17895406139425063
35.75575575575575,0.23030748191637804,35.75575575575575,-0.19947193996526025
35.79579579579579,0.20879685154080688,35.79579579579579,-0.21974566147112995
35.83583583583583,0.18248254530045277,35.83583583583583,-0.2395800116297515
35.87587587587588,0.14897848452516352,35.87587587587588,-0.25845753877382904
35.91591591591592,0.10212477856614868,35.91591591591592,-0.27420478013134897
35.95595595595596,0.027411901581613014,35.95595595595596,-0.2559467235922881
35.995995995996,0.009576933392675038,35.995995995996,-0.20440633294788313
36.03603603603603,0.006032499442871011,36.03603603603603,-0.17647186217947564
36.07607607607607,0.00441521046753043,36.07607607607607,-0.15726196531105785
36.11611611611611,0.0034671792395168724,36.11611611611611,-0.14265175608825587
36.15615615615616,0.002838602900244522,36.15615615615616,-0.13092577850315834
36.1961961961962,0.002389776353377669,36.1961961961962,-0.1211891177723885
36.23623623623624,0.0020529380834988474,36.23623623623624,-0.11291033293801078
36.27627627627628,0.0017909058477553414,36.27627627627628,-0.10574603907133451
36.31631631631632,0.0015814468747100295,36.31631631631632,-0.09946074085064538
36.35635635635635,0.0014103962606139909,36.35635635635635,-0.09388559935159435
36.39639639639639,0.0012682770481659165,36.39639639639639,-0.08889532267700062
36.43643643643643,0.001148497393968901,36.43643643643643,-0.0843943388472077
36.47647647647648,0.001046324692474604,36.47647647647648,-0.08030808447496085
36.51651651651652,0.0009582705595275144,36.51651651651652,-0.07657728238855199
36.55655655655656,0.0008817059215364929,36.55655655655656,-0.07315405040444745
36.5965965965966,0.0008146112631232426,36.5965965965966,-0.0699991772861317
36.63663663663664,0.0007554095115606006,36.63663663663664,-0.06708016782722126
36.67667667667667,0.0007028512109906113,36.67667667667667,-0.06436980952340576
36.71671671671671,0.0006559337805495018,36.71671671671671,-0.06184510182546177
36.75675675675675,0.0006138435737152378,36.75675675675675,-0.05948644298259964
36.7967967967968,0.0005759135434643126,36.7967967967968,-0.05727700338489328
36.83683683683684,0.0005415918092356352,36.83683683683684,-0.055202236329652266
36.87687687687688,0.0005104179779476161,36.87687687687688,-0.05324949151883018
36.91691691691692,0.0004820050723404268,36.91691691691692,-0.05140770648062798
36.95695695695696,0.0004560255743314935,36.95695695695696,-0.049667157812550045
36.99699699699699,0.0004322005291583454,36.99699699699699,-0.0480192588679067
37.03703703703703,0.00041029095451761144,37.03703703703703,-0.04645639388569123
37.07707707707707,0.0003900910051784501,37.07707707707707,-0.04497178098608856
37.11711711711712,0.0003714224884382219,37.11711711711712,-0.04355935822455592
37.15715715715716,0.00035413042915839743,37.15715715715716,-0.04221368822109994
37.1971971971972,0.00033807945760386086,37.1971971971972,-0.040929877867540654
37.23723723723724,0.0003231508475121051,37.23723723723724,-0.03970351034791619
37.27727727727728,0.00030924007218514817,37.27727727727728,-0.038530587296264684
37.31731731731731,0.0002962547760609431,37.31731731731731,-0.037407479335360705
37.35735735735735,0.00028411308188166454,37.35735735735735,-0.03633088359324432
37.39739739739739,0.0002727421706457834,37.39739739739739,-0.035297787060308394
37.43743743743744,0.00026207708452464975,37.43743743743744,-0.03430543485217541
37.47747747747748,0.00025205971312118516,37.47747747747748,-0.03335130261949715
37.51751751751752,0.00024263793130242014,37.51751751751752,-0.032433072481190095
37.55755755755756,0.00023376486285261924,37.55755755755756,-0.03154861195219638
37.5975975975976,0.00022539824918680392,37.5975975975976,-0.03069595543885484
37.63763763763763,0.00021749990613643272,37.63763763763763,-0.029873287939633286
37.67767767767767,0.00021003525484695248,37.67767767767767,-0.02907893064335454
37.71771771771772,0.0002029729153423948,37.71771771771772,-0.028311328170751437
37.75775775775776,0.00019628435327405727,37.75775775775776,-0.02756903724328197
37.7977977977978,0.00018994357192708353,37.7977977977978,-0.026850716590079315
37.83783783783784,0.00018392684294846976,37.83783783783784,-0.026155117940714234
37.87787787787788,0.00017821247024566843,37.87787787787788,-0.02548107796479826
37.91791791791792,0.0001727805824282367,37.91791791791792,-0.024827511043714168
37.95795795795795,0.0001676129498959615,37.95795795795795,-0.024193402776774064
37.99799799799799,0.00016269282323028936,37.99799799799799,-0.02357780413223054
38.03803803803804,0.00015800479008827757,38.03803803803804,-0.022979826170178796
38.07807807807808,0.00015353464820338017,38.07807807807808,-0.02239863527320196
38.11811811811812,0.00014926929242776565,38.11811811811812,-0.02183344882645244
38.15815815815816,0.00014519661405768686,38.15815815815816,-0.021283531297815017
38.1981981981982,0.00014130541095000362,38.1981981981982,-0.02074819067795275
38.23823823823824,0.00013758530707703824,38.23823823823824,-0.020226775235201444
38.27827827827827,0.0001340266804714411,38.27827827827827,-0.019718670563342755
38.31831831831831,0.0001306205984959643,38.31831831831831,-0.019223296879996354
38.35835835835836,0.00012735875964418452,38.35835835835836,-0.01874010655739511
38.3983983983984,0.00012423344113278618,38.3983983983984,-0.01826858186229785
38.43843843843844,0.00012123745161617908,38.43843843843844,-0.01780823288091682
38.47847847847848,0.00011836408847846341,38.47847847847848,-0.017358595613089278
38.51851851851852,0.00011560709921131125,38.51851851851852,-0.016919230219812675
38.55855855855856,0.00011296064643732864,38.55855855855856,-0.016489719408266268
38.59859859859859,0.00011041927620053862,38.59859859859859,-0.016069666941444183
38.63863863863863,0.00010797788920180462,38.63863863863863,-0.015658696262672578
38.67867867867868,0.00010563171467119388,38.67867867867868,-0.015256449222281532
38.71871871871872,0.00010337628661930172,38.71871871871872,-0.0148625848968571
38.75875875875876,0.00010120742226518015,38.75875875875876,-0.014476778497432008
38.7987987987988,9.912120239256167e-05,38.7987987987988,-0.014098720350226301
38.83883883883884,9.711395350513099e-05,38.83883883883884,-0.013728114951664594
38.87887887887888,9.51822315970359e-05,38.87887887887888,-0.013364680086244363
38.91891891891891,9.332280740937879e-05,38.91891891891891,-0.013008146002615462
38.95895895895895,9.153265305519766e-05,38.95895895895895,-0.012658254643010736
38.998998998999,8.980892991611832e-05,38.998998998999,-0.01231475892247147
39.03903903903904,8.814897769894667e-05,39.03903903903904,-0.011977422048655484
39.07907907907908,8.655030460828946e-05,39.07907907907908,-0.011646016884441224
39.11911911911912,8.501057854911741e-05,39.11911911911912,-0.011320325344634341
39.15915915915916,8.352761931857116e-05,39.15915915915916,-0.011000137824808576
39.19919919919919,8.2099391751125e-05,39.19919919919919,-0.010685252659410338
39.23923923923923,8.072399978713198e-05,39.23923923923923,-0.010375475604536888
39.27927927927927,7.939968145361399e-05,39.27927927927927,-0.010070619342446463
39.31931931931932,7.81248047618489e-05,39.31931931931932,-0.009770503005444908
39.35935935935936,7.689786453502195e-05,39.35935935935936,-0.009474951715212399
39.3993993993994,7.571748019620343e-05,39.3993993993994,-0.0091837961338328
39.43943943943944,7.458239457411742e-05,39.43943943943944,-0.00889687202469247
39.47947947947948,7.349147379391227e-05,39.47947947947948,-0.008614019818317331
39.51951951951951,7.244370835349581e-05,39.51951951951951,-0.008335084179741159
39.55955955955955,7.143821551734274e-05,39.55955955955955,-0.008059913574232525
39.5995995995996,7.04742431906465e-05,39.5995995995996,-0.007788359825518398
39.63963963963964,6.955117548775817e-05,39.63963963963964,-0.007520277662074193
39.67967967967968,6.866854026642884e-05,39.67967967967968,-0.007255524246119194
39.71971971971972,6.782601896444113e-05,39.71971971971972,-0.006993958677682599
39.75975975975976,6.702345916999655e-05,39.75975975975976,-0.006735441466062753
39.7997997997998,6.626089047158217e-05,39.7997997997998,-0.006479833960185033
39.83983983983983,6.553854427382606e-05,39.83983983983983,-0.006226997725317318
39.87987987987987,6.48568784591937e-05,39.87987987987987,-0.005976793853037066
39.91991991991992,6.421660802106294e-05,39.91991991991992,-0.005729082188366874
39.95995995995996,6.361874311063605e-05,39.95995995995996,-0.005483720452097884
40.0,6.306463637234788e-05,40.0,-0.005240563233599005
